============================================================
QNM Convergence Report
============================================================
Date: 2026-02-15 19:04:19
Tolerance: 1.0e-04
Resolutions: 190, 200
Note: only Re(ω) ≥ 0 shown (spectrum symmetric about imaginary axis)

------------------------------------------------------------
Summary
------------------------------------------------------------
Total converged QNMs: 324
  General (Re!=0, Im!=0): 202
  Purely imaginary (Re~0): 79
  Purely real (Im~0): 43

------------------------------------------------------------
General QNMs (Re != 0, Im != 0)
------------------------------------------------------------
                   Re(omega)                   Im(omega)
  ──────────────────────────  ──────────────────────────
      1.0005042071494930e+01     -1.1077945316729798e-04
      1.0005426088336185e+01     -1.1740679046846097e-04
      1.0005831500612262e+01     -1.2425441419222738e-04
      1.0006259173403086e+01     -1.3132272405998283e-04
      1.0006710001881880e+01     -1.3861173371789749e-04
      1.0007184911818291e+01     -1.4612100358683933e-04
      1.0007684859925053e+01     -1.5384956523489010e-04
      1.0017918345637041e+01     -2.8233137362978654e-04
      1.0018927379000257e+01     -2.9250977205141796e-04
      1.0019979942959740e+01     -3.0271127847167269e-04
      1.0021077166351061e+01     -3.1290143352994911e-04
      1.0044766804927963e+01     -4.7775189192169660e-04
      9.9866878812627071e+00     -2.7541834568417202e-03
      9.9865523835156953e+00     -2.7962168718256237e-03
      9.9864148500343237e+00     -2.8392378909630907e-03
      9.9862752325422317e+00     -2.8832544225229910e-03
      9.9861334836427833e+00     -2.9282770696551354e-03
      9.9859895563396410e+00     -2.9743188549004635e-03
      9.9858434036672197e+00     -3.0213950088895753e-03
      9.9856949784017388e+00     -3.0695228031274615e-03
      9.9855442328323836e+00     -3.1187214156370531e-03
      9.9853911185774660e+00     -3.1690118227050059e-03
      9.9852355864341646e+00     -3.2204167122098447e-03
      9.9850775862530341e+00     -3.2729604151479704e-03
      9.9849170668306186e+00     -3.3266688525923141e-03
      9.9847539758151012e+00     -3.3815694957165395e-03
      9.9845882596212299e+00     -3.4376913368364230e-03
      9.9844198633518637e+00     -3.4950648697210304e-03
      9.9842487307242216e+00     -3.5537220777298825e-03
      9.9840748039995759e+00     -3.6136964286378652e-03
      9.9838980239155575e+00     -3.6750228753070270e-03
      9.9837183296205314e+00     -3.7377378616399288e-03
      9.9835356586096804e+00     -3.8018793334899307e-03
      9.9833499466625035e+00     -3.8674867543996277e-03
      9.9831611277814591e+00     -3.9346011261840652e-03
      9.9829691341314675e+00     -4.0032650144695946e-03
      9.9827738959798964e+00     -4.0735225793462546e-03
      9.9825753416366769e+00     -4.1454196112989117e-03
      9.9823733973940598e+00     -4.2190035725600383e-03
      9.9821679874655906e+00     -4.2943236439858075e-03
      9.9819590339238129e+00     -4.3714307775076563e-03
      9.9817464566362286e+00     -4.4503777541626405e-03
      9.9815301731991308e+00     -4.5312192476648196e-03
      9.9813100988688817e+00     -4.6140118934511415e-03
      9.9810861464903216e+00     -4.6988143631212734e-03
      9.9808582264220238e+00     -4.7856874441918182e-03
      9.9806262464581650e+00     -4.8746941251003239e-03
      9.9803901117468037e+00     -4.9658996854211220e-03
      9.9801497247044271e+00     -5.0593717912906814e-03
      9.9799049849266357e+00     -5.1551805960819109e-03
      9.9796557890948421e+00     -5.2533988464119772e-03
      9.9794020308789122e+00     -5.3541019936145006e-03
      9.9791436008356023e+00     -5.4573683108525223e-03
      9.9788803863027482e+00     -5.5632790160923340e-03
      9.9786122712890428e+00     -5.6719184011992645e-03
      9.9783391363592973e+00     -5.7833739674546629e-03
      9.9780608585150681e+00     -5.8977365678287300e-03
      9.9777773110704455e+00     -6.0151005563769165e-03
      9.9774883635228804e+00     -6.1355639451588975e-03
      9.9771938814188346e+00     -6.2592285691093711e-03
      9.9768937262140565e+00     -6.3862002593198129e-03
      9.9765877551282607e+00     -6.5165890252204418e-03
      9.9762758209939886e+00     -6.6505092461828178e-03
      9.9759577720993917e+00     -6.7880798730960189e-03
      9.9756334520246757e+00     -6.9294246405038878e-03
      9.9753026994719320e+00     -7.0746722899277057e-03
      9.9749653480880767e+00     -7.2239568050381535e-03
      9.9746212262805702e+00     -7.3774176593829240e-03
      9.9742701570256358e+00     -7.5352000774220312e-03
      9.9739119576686033e+00     -7.6974553096720516e-03
      9.9735464397160740e+00     -7.8643409228134013e-03
      9.9731734086195143e+00     -8.0360211056716181e-03
      9.9727926635499085e+00     -8.2126669920447454e-03
      9.9724039971630880e+00     -8.3944570014146038e-03
      9.9720071953553049e+00     -8.5815771986503444e-03
      9.9716020370086280e+00     -8.7742216738886016e-03
      9.9711882937257243e+00     -8.9725929438560989e-03
      9.9707657295535377e+00     -9.1769023759884528e-03
      9.9703341006953785e+00     -9.3873706367932023e-03
      9.9698931552109329e+00     -9.6042281660068708e-03
      9.9694426327036361e+00     -9.8277156782052340e-03
      9.9689822639948726e+00     -1.0058084693643899e-02
      9.9685117707844153e+00     -1.0295598100233377e-02
      9.9680308652965177e+00     -1.0540530748689849e-02
      9.9675392499110185e+00     -1.0793170083050639e-02
      9.9670366167788238e+00     -1.1053816808902883e-02
      9.9665226474210815e+00     -1.1322785601846181e-02
      9.9659970123113695e+00     -1.1600405858896002e-02
      9.9654593704401506e+00     -1.1887022495735772e-02
      9.9649093688607469e+00     -1.2182996792942888e-02
      9.9643466422160945e+00     -1.2488707294549241e-02
      9.9637708122454161e+00     -1.2804550762551267e-02
      9.9631814872700488e+00     -1.3130943191260352e-02
      9.9625782616575460e+00     -1.3468320885682969e-02
      9.9619607152631691e+00     -1.3817141608443783e-02
      9.9613284128479211e+00     -1.4177885800116048e-02
      9.9606809034721664e+00     -1.4551057878204635e-02
      9.9600177198639237e+00     -1.4937187620440797e-02
      9.9593383777608899e+00     -1.5336831638497040e-02
      9.9586423752252351e+00     -1.5750574948719082e-02
      9.9579291919301998e+00     -1.6179032647002902e-02
      9.9571982884175458e+00     -1.6622851695523053e-02
      9.9564491053248787e+00     -1.7082712829647639e-02
      9.9556810625819168e+00     -1.7559332594060950e-02
      9.9548935585747564e+00     -1.8053465517862192e-02
      9.9540859692772532e+00     -1.8565906439223706e-02
      9.9532576473486500e+00     -1.9097492991081929e-02
      9.9524079211966630e+00     -1.9649108260305748e-02
      9.9515360940052897e+00     -2.0221683633848731e-02
      9.9506414427267185e+00     -2.0816201846552727e-02
      9.9497232170367926e+00     -2.1433700246540711e-02
      9.9487806382536768e+00     -2.2075274295527903e-02
      9.9478128982194818e+00     -2.2742081322904464e-02
      9.9468191581448764e+00     -2.3435344554114550e-02
      9.9457985474168726e+00     -2.4156357435690508e-02
      9.9447501623703491e+00     -2.4906488281315278e-02
      9.9436730650241412e+00     -2.5687185265499322e-02
      9.9425662817830087e+00     -2.6499981793892961e-02
      9.9414288021071666e+00     -2.7346502281934519e-02
      9.9402595771517390e+00     -2.8228468376486484e-02
      9.9390575183790268e+00     -2.9147705658366507e-02
      9.9378214961473397e+00     -3.0106150867271222e-02
      9.9365503382809468e+00     -3.1105859694557425e-02
      9.9352428286267731e+00     -3.2149015193729931e-02
      9.9338977056046573e+00     -3.3237936863337203e-02
      9.9325136607593389e+00     -3.4375090462349718e-02
      9.9310893373239715e+00     -3.5563098624053859e-02
      9.9296233288068212e+00     -3.6804752341106396e-02
      9.9281141776149386e+00     -3.8103023401740939e-02
      9.9265603737310784e+00     -3.9461077865288539e-02
      9.9249603534630602e+00     -4.0882290674273111e-02
      9.9233124982880216e+00     -4.2370261510485306e-02
      9.9216151338179639e+00     -4.3928832013760209e-02
      9.9198665289173231e+00     -4.5562104494837545e-02
      9.9180648950085892e+00     -4.7274462287843100e-02
      9.9162083856078489e+00     -4.9070591903798533e-02
      9.9142950961391119e+00     -5.0955507164374601e-02
      9.9123230640842444e+00     -5.2934575515116940e-02
      9.9102902695346131e+00     -5.5013546739902629e-02
      9.9081946362213280e+00     -5.7198584323785905e-02
      9.9060340331134071e+00     -5.9496299740077502e-02
      9.9038062766877424e+00     -6.1913789969955439e-02
      9.9015091339915777e+00     -6.4458678599688471e-02
      9.8991403266378377e+00     -6.7139160882323606e-02
      9.8966975358965570e+00     -6.9964053198217302e-02
      9.8941784090723015e+00     -7.2942847402983374e-02
      9.8915805673887167e+00     -7.6085770613357223e-02
      9.8889016156378009e+00     -7.9403851052403066e-02
      9.8861391538942804e+00     -8.2908990656917342e-02
      9.8832907916457362e+00     -8.6614045243596574e-02
      9.8803541647481783e+00     -9.0532913138676618e-02
      9.8773269556864474e+00     -9.4680633300869954e-02
      9.8742069177010734e+00     -9.9073494112609822e-02
      9.8709919034406735e+00     -1.0372915418356843e-01
      9.8676798989145738e+00     -1.0866677670765695e-01
      9.8642690636579182e+00     -1.1390717914571771e-01
      9.8607577781857554e+00     -1.1947300027757694e-01
      9.8571447000090657e+00     -1.2538888698725451e-01
      9.8534288297216417e+00     -1.3168170352404149e-01
      9.8496095889509601e+00     -1.3838076643238309e-01
      9.8456869123097093e+00     -1.4551810888061534e-01
      9.8416613559016142e+00     -1.5312877876206063e-01
      9.8375342254430294e+00     -1.6125117571623043e-01
      9.8333077276831240e+00     -1.6992743315377595e-01
      9.8289851495689700e+00     -1.7920385250554899e-01
      9.8245710705444065e+00     -1.8913139830372599e-01
      9.8200716145409643e+00     -1.9976626440569412e-01
      9.8154947496776153e+00     -2.1117052377242290e-01
      9.8108506455151900e+00     -2.2341287682055300e-01
      9.8061521000184904e+00     -2.3656951662326842e-01
      9.8014150513075737e+00     -2.5072513332651492e-01
      9.7966591930208295e+00     -2.6597408532365541e-01
      9.7919087169251267e+00     -2.8242177132793467e-01
      9.7871932126449543e+00     -3.0018624595143728e-01
      9.7825487625273873e+00     -3.1940013236117987e-01
      9.7780192803854113e+00     -3.4021289989309073e-01
      9.7736581571112939e+00     -3.6279359335677447e-01
      9.7695302952608873e+00     -3.8733412584334531e-01
      9.7657146405962134e+00     -4.1405328056325341e-01
      9.7623073540220737e+00     -4.4320161307726352e-01
      9.7594258164627785e+00     -4.7506750836111022e-01
      9.7572137281223110e+00     -5.0998473509648856e-01
      9.7558476615502059e+00     -5.4834196398055479e-01
      9.7555455693449513e+00     -5.9059489555610822e-01
      9.7565779547324833e+00     -6.3728190420573982e-01
      9.7592827228748629e+00     -6.8904449375843668e-01
      9.7640852020248765e+00     -7.4665445113262630e-01
      9.7715255564985402e+00     -8.1105050357532626e-01
      9.7822969806231495e+00     -8.8338875172040443e-01
      9.7972999720275293e+00     -9.6511355954281342e-01
      9.8177212009056287e+00     -1.0580596700810989e+00
      9.8451511050192781e+00     -1.1646035169203353e+00
      9.8817645202522417e+00     -1.2878949465978780e+00
      9.9306079719969063e+00     -1.4322261898863422e+00
      9.9960758892141985e+00     -1.6036475429079635e+00
      1.0084740279622622e+01     -1.8110553836292727e+00
      1.0206887316053789e+01     -2.0682584599750919e+00
      1.0379589859374128e+01     -2.3982857080566609e+00
      1.0633486723156500e+01     -2.8435738929551055e+00
      1.1029790995539168e+01     -3.4948448229775160e+00
      1.1710168314055963e+01     -4.6001509515364090e+00
      1.3016228688649745e+01     -7.2711214906956725e+00

------------------------------------------------------------
Purely Real QNMs (Im ~ 0)
------------------------------------------------------------
                   Re(omega)                   Im(omega)
  ──────────────────────────  ──────────────────────────
      1.0000000000074238e+01     -2.7847306630961690e-12
      1.0000000006009991e+01     -2.2528838005082216e-10
      1.0000000046324207e+01     -1.7341110031076545e-09
      1.0000000177677013e+01     -6.6375613208135454e-09
      1.0000000484501189e+01     -1.8050453082459625e-08
      1.0000001078349319e+01     -4.0038727033832462e-08
      1.0000002097049391e+01     -7.7548515456125392e-08
      1.0000003703689881e+01     -1.3632194435111697e-07
      1.0000006085459063e+01     -2.2280231845893900e-07
      1.0000009452366077e+01     -3.4403155938675422e-07
      1.0000014035873201e+01     -5.0754286316949051e-07
      1.0000020087469570e+01     -7.2125151451299583e-07
      1.0000027877216619e+01     -9.9334665175982435e-07
      1.0000037692294553e+01     -1.3321865358671492e-06
      1.0000049835577522e+01     -1.7461995589026606e-06
      1.0000064624262873e+01     -2.2437928553413497e-06
      1.0000082388577058e+01     -2.8332699757128727e-06
      1.0000103470577741e+01     -3.5227586686376828e-06
      1.0000128223068248e+01     -4.3201494133206781e-06
      1.0000157008637238e+01     -5.2330449662079326e-06
      1.0000190198833113e+01     -6.2687208450948253e-06
      1.0000228173479577e+01     -7.4340963799947421e-06
      1.0000271320135798e+01     -8.7357157173474099e-06
      1.0000320033702064e+01     -1.0179737974177893e-05
      1.0000374716169436e+01     -1.1771935600353211e-05
      1.0000435776510004e+01     -1.3517699916692195e-05
      1.0000503630702722e+01     -1.5422052749371713e-05
      1.0000578701888450e+01     -1.7489663070857391e-05
      1.0000661420646942e+01     -1.9724867578008407e-05
      1.0000752225387730e+01     -2.2131694182544701e-05
      1.0000851562846478e+01     -2.4713887451471869e-05
      1.0000959888678084e+01     -2.7474935109590091e-05
      1.0001077668137780e+01     -3.0418094797783483e-05
      1.0001205376841515e+01     -3.3546420365046036e-05
      1.0001343501597130e+01     -3.6862787055561485e-05
      1.0001492541298012e+01     -4.0369915031763826e-05
      1.0001653007871244e+01     -4.4070390747992255e-05
      1.0001825427272518e+01     -4.7966685755556386e-05
      1.0002010340520373e+01     -5.2061172577704319e-05
      1.0002208304762526e+01     -5.6356137341532719e-05
      1.0002419894367263e+01     -6.0853788893036584e-05
      1.0002645702032911e+01     -6.5556264151278942e-05
      1.0002886339908450e+01     -7.0465629478273214e-05

------------------------------------------------------------
Purely Imaginary QNMs (Re ~ 0)
------------------------------------------------------------
                   Re(omega)                   Im(omega)             Delta Im(omega)
  ──────────────────────────  ──────────────────────────  ──────────────────────────
      1.6692051459656060e-67     -2.2646665553531424e+01
     -9.2458377953673761e-66     -2.2899997568929081e+01      2.5333201539765682e-01
     -1.9261874145631186e-65     -2.3153342457872558e+01      2.5334488894347729e-01
      5.1301014525890936e-66     -2.3406409988289486e+01      2.5306753041692787e-01
      9.5252463369386143e-65     -2.3659421368819526e+01      2.5301138053004024e-01
      1.4907940966145368e-64     -2.3912363409788927e+01      2.5294204096940121e-01
     -1.4151145617420065e-64     -2.4165179907177055e+01      2.5281649738812817e-01
     -8.4492166858439427e-64     -2.4417910875603329e+01      2.5273096842627396e-01
     -7.9856481205844185e-64     -2.4670562922130181e+01      2.5265204652685114e-01
      2.0205067160860645e-63     -2.4923125867277708e+01      2.5256294514752753e-01
      6.0045821083515951e-63     -2.5175608969783049e+01      2.5248310250534090e-01
      1.2395159812167838e-63     -2.5428017934493141e+01      2.5240896471009222e-01
     -1.9569379443295015e-62     -2.5680352656671840e+01      2.5233472217869846e-01
     -3.0117198117038839e-62     -2.5932616794750370e+01      2.5226413807853021e-01
      2.7420188603132893e-62     -2.6184814266715826e+01      2.5219747196545583e-01
      1.3140289885314749e-61     -2.6436947099316388e+01      2.5213283260056230e-01
      6.5714472922406714e-62     -2.6689017802488717e+01      2.5207070317232905e-01
     -3.3204826017765053e-61     -2.6941029232324958e+01      2.5201142983624081e-01
     -5.4912287765162824e-61     -2.7192983655984296e+01      2.5195442365933829e-01
      4.1295383217197016e-61     -2.7444883216440878e+01      2.5189956045658235e-01
      1.9556737055699463e-60     -2.7696730169239476e+01      2.5184695279859781e-01
      6.5251211646860002e-61     -2.7948526584424815e+01      2.5179641518533913e-01
     -4.6827603867600120e-60     -2.8200274362886780e+01      2.5174777846196505e-01
     -5.5679213084881654e-60     -2.8451975383562065e+01      2.5170102067528433e-01
      7.5524078535501977e-60     -2.8703631449296587e+01      2.5165606573452237e-01
      1.9333418269210608e-59     -2.8955244240491503e+01      2.5161279119491553e-01
     -4.7357013852831466e-60     -2.9206815368008424e+01      2.5157112751692168e-01
     -4.8333418950047462e-59     -2.9458346387729147e+01      2.5153101972072278e-01
     -1.8790108758697494e-59     -2.9709838774194512e+01      2.5149238646536531e-01
      9.6315732504719014e-59     -2.9961293927883439e+01      2.5145515368892646e-01
      9.1744463235525201e-59     -3.0212713194924525e+01      2.5141926704108641e-01
     -1.5664528671230609e-58     -3.0464097863401761e+01      2.5138466847723606e-01
     -2.5845045550567413e-58     -3.0715449158446614e+01      2.5135129504485221e-01
      2.0269866303449802e-58     -3.0966768251540657e+01      2.5131909309404321e-01
      5.7613580957054911e-58     -3.1218056266739978e+01      2.5128801519932153e-01
     -1.8134429780001505e-58     -3.1469314278249222e+01      2.5125801150924332e-01
     -1.1082870450135483e-57     -3.1720543311608612e+01      2.5122903335939029e-01
      1.6293909927909238e-59     -3.1971744349703833e+01      2.5120103809522121e-01
      1.9181177469169319e-57     -3.2222918335159683e+01      2.5117398545584990e-01
      3.7274864385040560e-58     -3.2474066169691582e+01      2.5114783453189915e-01
     -3.0671678817963695e-57     -3.2725188716297879e+01      2.5112254660629674e-01
     -1.0327819953321217e-57     -3.2976286803139985e+01      2.5109808684210577e-01
      4.6194557082717031e-57     -3.3227361224883531e+01      2.5107442174354588e-01
      1.9250444714549581e-57     -3.3478412742755708e+01      2.5105151787217750e-01
     -6.6411567240697804e-57     -3.3729442086541567e+01      2.5102934378585928e-01
     -2.8677440652298308e-57     -3.3980449957386476e+01      2.5100787084490861e-01
      9.1742652078776648e-57     -3.4231437028796130e+01      2.5098707140965359e-01
      3.4960183150280375e-57     -3.4482403946785347e+01      2.5096691798921711e-01
     -1.2160695289092338e-56     -3.4733351331458486e+01      2.5094738467313960e-01
     -3.2782007894088449e-57     -3.4984279779312295e+01      2.5092844785380919e-01
      1.5314842091197400e-56     -3.5235189864143216e+01      2.5091008483092025e-01
      1.6408183307616653e-57     -3.5486082136994462e+01      2.5089227285124593e-01
     -1.7996207371413945e-56     -3.5736957127228003e+01      2.5087499023354098e-01
      1.7619960161748558e-57     -3.5987815344650954e+01      2.5085821742295167e-01
      1.9203857189123748e-56     -3.6238657280597558e+01      2.5084193594660320e-01
     -6.6798584562759252e-57     -3.6489483407559554e+01      2.5082612696199647e-01
     -1.7843074809012562e-56     -3.6740294179477253e+01      2.5081077191769907e-01
      1.1988983603103506e-56     -3.6991090033770099e+01      2.5079585429284634e-01
      1.3312746409469171e-56     -3.7241871393126800e+01      2.5078135935670076e-01
     -1.5817232466174040e-56     -3.7492638665088137e+01      2.5076727196133675e-01
     -6.1904015759796607e-57     -3.7743392240929701e+01      2.5075357584156421e-01
      1.6293818055960768e-56     -3.7994132496896519e+01      2.5074025596681793e-01
     -1.5115455157657115e-57     -3.8244859797454211e+01      2.5072730055769199e-01
     -1.2721799163232187e-56     -3.8495574496514088e+01      2.5071469905987698e-01
      7.0361795598923666e-57     -3.8746276934688126e+01      2.5070243817403792e-01
      6.4010042903093975e-57     -3.8996967436730245e+01      2.5069050204211862e-01
     -8.4333158035079685e-57     -3.9247646314696247e+01      2.5067887796600274e-01
     -1.9961419400067643e-58     -3.9498313875084307e+01      2.5066756038805948e-01
      5.9563941538738681e-57     -3.9748970420574786e+01      2.5065654549047878e-01
     -3.2101023454563301e-57     -3.9999616240913262e+01      2.5064582033847671e-01
     -1.9826675228068671e-57     -4.0250251602230094e+01      2.5063536131683151e-01
      3.1894770393164884e-57     -4.0500876752465118e+01      2.5062515023502385e-01
     -7.8437698840434443e-58     -4.0751491946495030e+01      2.5061519402991195e-01
     -1.3438320957140120e-57     -4.1002097465830893e+01      2.5060551933586339e-01
      1.3180902445434687e-57     -4.1252693596809280e+01      2.5059613097838707e-01
     -1.6930510093356020e-58     -4.1503280565138759e+01      2.5058696832947902e-01
     -5.6077832148718458e-58     -4.1753858488238180e+01      2.5057792309942073e-01
      4.8135548570802401e-58     -4.2004427437522388e+01      2.5056894928420803e-01
     -8.4002943373388170e-59     -4.2254987636231846e+01      2.5056019870945789e-01

