============================================================
QNM Convergence Report
============================================================
Date: 2026-04-02 19:19:36
Tolerance: 1.0e-04
Resolutions: 180, 190, 200
Note: only Re(ω) ≥ 0 shown (spectrum symmetric about imaginary axis)

------------------------------------------------------------
Summary
------------------------------------------------------------
Total converged QNMs: 84
  General (Re!=0, Im!=0): 35
  Purely imaginary (Re~0): 49
  Purely real (Im~0): 0

------------------------------------------------------------
General QNMs (Re != 0, Im != 0)
------------------------------------------------------------
                   Re(omega)                   Im(omega)
  ──────────────────────────  ──────────────────────────
      2.0213202674159114e+00     -9.6255773046824950e-02
      2.0162503415160060e+00     -2.8908311548182031e-01
      2.0061955510687097e+00     -4.8285396135131703e-01
      1.9913277399810156e+00     -6.7818347825404390e-01
      1.9719081018581552e+00     -8.7566315027276675e-01
      1.9482888988561753e+00     -1.0758460390638873e+00
      1.9209120053713391e+00     -1.2792282454123594e+00
      1.8903017405122244e+00     -1.4862276504012932e+00
      1.8570499574378387e+00     -1.6971624831983794e+00
      1.8217927482493266e+00     -1.9122334628417141e+00
      1.7851802273551438e+00     -2.1315135906566605e+00
      1.7478430398986231e+00     -2.3549486836191447e+00
      1.7103606021220401e+00     -2.5823695258376249e+00
      1.6732359361143705e+00     -2.8135138177822223e+00
      1.6368803132279697e+00     -3.0480539805119000e+00
      1.6016084862034679e+00     -3.2856260964968911e+00
      1.5676430581803562e+00     -3.5258559156701819e+00
      1.5351252072898462e+00     -3.7683793853674366e+00
      1.5041287066088869e+00     -4.0128568415847132e+00
      1.4746746653910534e+00     -4.2589812921082135e+00
      1.4467452394744551e+00     -4.5064819376305874e+00
      1.4202953719428659e+00     -4.7551242866508483e+00
      1.3952622501319556e+00     -5.0047081062177083e+00
      1.3715725613018093e+00     -5.2550641904411872e+00
      1.3491478322461559e+00     -5.5060506432258904e+00
      1.3279082105031541e+00     -5.7575491249424280e+00
      1.3077750268974941e+00     -6.0094613224720996e+00
      1.2886724842147501e+00     -6.2617057803048501e+00
      1.2705285709187932e+00     -6.5142150885676804e+00
      1.2532758293087873e+00     -6.7669337340610571e+00
      1.2368513088978481e+00     -7.0198152026592924e+00
      1.2211957121163171e+00     -7.2728225752346258e+00
      1.2062584903237670e+00     -7.5259248014841473e+00
      1.1919868796505786e+00     -7.7790895886780369e+00
      1.1783257637679752e+00     -8.0323066146794027e+00

------------------------------------------------------------
Purely Real QNMs (Im ~ 0)
------------------------------------------------------------
  (none)

------------------------------------------------------------
Purely Imaginary QNMs (Re ~ 0)
------------------------------------------------------------
                   Re(omega)                   Im(omega)             Delta Im(omega)
  ──────────────────────────  ──────────────────────────  ──────────────────────────
     -5.2231940483027052e-70     -2.5479276823357704e+01
     -8.7028920253020023e-70     -2.5732251132463688e+01      2.5297430910598351e-01
      3.9726133853901759e-70     -2.5985034856407097e+01      2.5278372394340920e-01
      4.4061759567423696e-69     -2.6237937147719798e+01      2.5290229131270081e-01
      6.9532110219489911e-69     -2.6490767617181220e+01      2.5283046946142207e-01
     -4.1186938987849222e-69     -2.6743513086018652e+01      2.5274546883743199e-01
     -3.3439411417953474e-68     -2.6996273466597287e+01      2.5276038057863559e-01
     -4.2208914535724045e-68     -2.7248991937660399e+01      2.5271847106311185e-01
      4.8488316197583122e-68     -2.7501657233359087e+01      2.5266529569868723e-01
      2.1978348414552321e-67     -2.7754306572880722e+01      2.5264933952163560e-01
      1.6907854611954774e-67     -2.8006924291452766e+01      2.5261771857204351e-01
     -4.6092821706966299e-67     -2.8259501750763679e+01      2.5257745931091335e-01
     -1.1531588513519334e-66     -2.8512053936974425e+01      2.5255218621074604e-01
     -1.1631740705215097e-67     -2.8764578256689912e+01      2.5252431971548717e-01
      3.2122032422423823e-66     -2.9017069082849275e+01      2.5249082615936302e-01
      4.1140552472607787e-66     -2.9269532342608073e+01      2.5246325975879813e-01
     -4.1799232919130540e-66     -2.9521969387739198e+01      2.5243704513112419e-01
     -1.5346996121918887e-65     -2.9774377151858335e+01      2.5240776411913757e-01
     -4.6888241319233500e-66     -3.0026757574075980e+01      2.5238042221764445e-01
      3.3796498941936442e-65     -3.0279112771154107e+01      2.5235519707812770e-01
      4.1660191045189938e-65     -3.0531441583903007e+01      2.5232881274889962e-01
     -4.4000961142947096e-65     -3.0783744253338355e+01      2.5230266943534829e-01
     -1.2962927138997255e-64     -3.1036022514385536e+01      2.5227826104718076e-01
      4.8299721607254062e-67     -3.1288276470795093e+01      2.5225395640955739e-01
      2.7739947557287313e-64     -3.1540505856188680e+01      2.5222938539358708e-01
      1.7884948688659162e-64     -3.1792711680381476e+01      2.5220582419279580e-01
     -4.4992119245437526e-64     -3.2044894700528438e+01      2.5218302014696192e-01
     -5.9907567253168427e-64     -3.2297054797705130e+01      2.5216009717669152e-01
      5.4345291825808314e-64     -3.2549192326671289e+01      2.5213752896615915e-01
      1.3529944422517366e-63     -3.2801308141440934e+01      2.5211581476964540e-01
     -3.8827363198494343e-64     -3.3053402543373650e+01      2.5209440193271604e-01
     -2.4811057814755293e-63     -3.3305475566464700e+01      2.5207302309105017e-01
     -2.0763973749388586e-64     -3.3557527754180448e+01      2.5205218771574778e-01
      3.9548657075844464e-63     -3.3809559732602231e+01      2.5203197842178326e-01
      1.3817357736877325e-63     -3.4061571646579665e+01      2.5201191397743372e-01
     -5.7013488570692215e-63     -3.4313563643328123e+01      2.5199199674845829e-01
     -3.1332304834517492e-63     -3.4565536290404097e+01      2.5197264707597355e-01
      7.6587247617403170e-63     -3.4817490073882304e+01      2.5195378347820707e-01
      5.2614963586815499e-63     -3.5069425070548107e+01      2.5193499666580266e-01
     -9.8206059187797809e-63     -3.5321341458412405e+01      2.5191638786429849e-01
     -7.3460076284917350e-63     -3.5573239803603400e+01      2.5189834519099463e-01
      1.2217450534466227e-62     -3.5825120539357933e+01      2.5188073575453274e-01
      8.7806275703419859e-63     -3.6076983676130943e+01      2.5186313677301086e-01
     -1.4806274328913241e-62     -3.6328829341675252e+01      2.5184566554430887e-01
     -8.8844677974459715e-63     -3.6580658123814125e+01      2.5182878213887250e-01
      1.7301218531322938e-62     -3.6832470507409411e+01      2.5181238359528635e-01
      7.1166961541217951e-63     -3.7084266417500551e+01      2.5179591009113977e-01
     -3.3892135637309038e-63     -3.7587809258210946e+01      5.0354284071039501e-01
     -1.6777826664962155e-62     -3.8343007805928401e+01      7.5519854771745543e-01

