============================================================
QNM Convergence Report
============================================================
Date: 2026-04-01 19:26:11
Tolerance: 1.0e-04
Resolutions: 180, 200
Note: only Re(ω) ≥ 0 shown (spectrum symmetric about imaginary axis)

------------------------------------------------------------
Summary
------------------------------------------------------------
Total converged QNMs: 245
  General (Re!=0, Im!=0): 76
  Purely imaginary (Re~0): 0
  Purely real (Im~0): 169

------------------------------------------------------------
General QNMs (Re != 0, Im != 0)
------------------------------------------------------------
                   Re(omega)                   Im(omega)
  ──────────────────────────  ──────────────────────────
      2.2061075618846355e+00      4.8545111781323841e-04
      2.2051782068012900e+00      4.0696334832173115e-04
      2.2044431251827694e+00      3.2963917987643314e-04
      2.2038494161400299e+00      2.7188582110330728e-04
      2.1998669824668382e+00     -1.0208152792023594e-04
      2.2027386581118513e+00     -1.2507959444389154e-04
      2.1983503961371089e+00     -1.6127355316394474e-04
      2.1998328461552075e+00     -1.6770229538257315e-04
      2.2028950069430246e+00     -1.6773108365939748e-04
      2.1998266216759088e+00     -1.7767488835167703e-04
      2.1998198137477112e+00     -1.8806433968555461e-04
      2.1999125803920894e+00     -1.9753332973246579e-04
      2.1998123753803065e+00     -1.9887316217505506e-04
      2.1998042566396161e+00     -2.1010499487086778e-04
      2.1982899282404680e+00     -2.2077945161682859e-04
      2.2030620458593786e+00     -2.2130378364657523e-04
      2.1997954025570090e+00     -2.2176372195377593e-04
      2.1982273535110193e+00     -2.3940724918903881e-04
      2.1983266021756718e+00     -2.4210244746198867e-04
      2.1981616869691001e+00     -2.5271603685600148e-04
      2.1980921447045816e+00     -2.6727163333602460e-04
      2.1980186198878413e+00     -2.8295514591813130e-04
      2.2032397890908508e+00     -2.8699702584861496e-04
      2.1984000412864688e+00     -2.9356134564654905e-04
      2.1979407941524696e+00     -2.9988483025060339e-04
      2.1978583285726376e+00     -3.1818628001113259e-04
      2.1999777987916889e+00     -3.2331180996276326e-04
      2.1977708499762625e+00     -3.3800063479671099e-04
      2.1976779472585535e+00     -3.5948674170948811e-04
      2.2034284731345903e+00     -3.6634254907564674e-04
      2.1975791666866624e+00     -3.8282378676311702e-04
      2.1974740065367984e+00     -4.0821438330389660e-04
      2.1973619109353977e+00     -4.3588820501859352e-04
      2.1972422627684898e+00     -4.6610627367261315e-04
      2.1971143754965499e+00     -4.9916603656759801e-04
      2.1969774836799241e+00     -5.3540740017611610e-04
      2.1968307319805209e+00     -5.7521992607523068e-04
      2.1966731623571900e+00     -6.1905144554500239e-04
      2.1965036991128111e+00     -6.6741841315556599e-04
      2.1963211313777693e+00     -7.2091840149438426e-04
      2.1961240925235894e+00     -7.8024524443081114e-04
      2.1959110358874021e+00     -8.4620747242562615e-04
      2.1956802060466796e+00     -9.1975086043065771e-04
      2.1954296047065864e+00     -1.0019861405719591e-03
      2.1951569500394097e+00     -1.0942232368070463e-03
      2.1948596280338810e+00     -1.1980137829345437e-03
      2.1945346340549077e+00     -1.3152042246199248e-03
      2.1941785023592124e+00     -1.4480025307652212e-03
      2.1937872207307074e+00     -1.5990625205805911e-03
      2.1933561266531818e+00     -1.7715911511901620e-03
      2.1928797804772096e+00     -1.9694859517458067e-03
      2.1923518097977368e+00     -2.1975123444508086e-03
      2.1917647176530299e+00     -2.4615341691302732e-03
      2.1911096450730723e+00     -2.7688157827227889e-03
      2.1903760758021669e+00     -3.1284213219255506e-03
      2.1895514675131476e+00     -3.5517471317218652e-03
      2.1886207892912570e+00     -4.0532385633204760e-03
      2.1875659393219964e+00     -4.6513648031347157e-03
      2.1863650092661890e+00     -5.3699590110420081e-03
      2.1849913524588676e+00     -6.2400820824638700e-03
      2.1834124016622867e+00     -7.3026470384345461e-03
      2.1815881688357281e+00     -8.6121644640122386e-03
      2.1794693453046770e+00     -1.0242166716709182e-02
      2.1769949086784246e+00     -1.2293190977842566e-02
      2.1740891393666328e+00     -1.4904741289509221e-02
      2.1706579680053966e+00     -1.8273581748210792e-02
      2.1665846414550884e+00     -2.2682379517105576e-02
      2.1617248555245001e+00     -2.8545827066420275e-02
      2.1559018274798993e+00     -3.6487494169548350e-02
      2.1489023245803658e+00     -4.7473513434139442e-02
      2.1404751641072828e+00     -6.3058448175353429e-02
      2.1303318313695128e+00     -8.5872205339853361e-02
      2.1181297314970569e+00     -1.2068633573135756e-01
      2.1032813031070239e+00     -1.7709969949977408e-01
      2.0833218926591153e+00     -2.7779012406828696e-01
      2.0364868668269702e+00     -4.9151723241014378e-01

------------------------------------------------------------
Purely Real QNMs (Im ~ 0)
------------------------------------------------------------
                   Re(omega)                   Im(omega)
  ──────────────────────────  ──────────────────────────
      2.1985844623503747e+00     -8.8201681480710396e-05
      2.1998540527632269e+00      8.7979200874030319e-05
      2.1998579449775066e+00      8.2067239321471141e-05
      2.1998615529586574e+00      7.6356464858894568e-05
      2.1998648957223361e+00      7.0839017024558470e-05
      2.1998679904847109e+00      6.5506614183243834e-05
      2.1998698461345132e+00     -9.5426510527876014e-05
      2.1998708527480959e+00      6.0350650545960949e-05
      2.1998724846064253e+00     -8.9054702720027857e-05
      2.1998734963925579e+00      5.5362285353661635e-05
      2.1998749147229413e+00     -8.2948856037744982e-05
      2.1998759337753717e+00      5.0532517304312820e-05
      2.1998771510893436e+00     -7.7092539603995248e-05
      2.1998781758365635e+00      4.5852236479749818e-05
      2.1998792063637667e+00     -7.1470078315116631e-05
      2.1998802322057540e+00      4.1312246937279402e-05
      2.1998810914645062e+00     -6.6066472653062157e-05
      2.1998821113040377e+00      3.6903255259633921e-05
      2.1998828157167880e+00     -6.0867318741115497e-05
      2.1998838204350619e+00      3.2615822990763482e-05
      2.1998843869583080e+00     -5.5858737491931205e-05
      2.1998853658615225e+00      2.8440283636613500e-05
      2.1998858116211570e+00     -5.1027314110378737e-05
      2.1998867528665151e+00      2.4366628001233993e-05
      2.1998870948050433e+00     -4.6360043069060786e-05
      2.1998879858032807e+00      2.0384365729382953e-05
      2.1998882403529336e+00     -4.1844269353679858e-05
      2.1998890681418666e+00      1.6482376600700327e-05
      2.1998892509360632e+00     -3.7467615070012370e-05
      2.1998900025267365e+00      1.2648772108106939e-05
      2.1998901281519281e+00     -3.3217881869841011e-05
      2.1998907908638201e+00      8.8707945337482539e-06
      2.1998908726375173e+00     -2.9082923885490623e-05
      2.1998914344550009e+00      5.1347841097125193e-06
      2.1998914842007773e+00     -2.5050492363449849e-05
      2.1998919341880057e+00      1.4262412126471696e-06
      2.1998919619747874e+00     -2.1108061468081095e-05
      2.1998922907683616e+00     -2.2700031497167539e-06
      2.1998923045987859e+00     -1.7242654458360574e-05
      2.1998925049540525e+00     -5.9695192349247095e-06
      2.1998925104248888e+00     -1.3440699576447734e-05
      2.1998925777372906e+00     -9.6879522994189723e-06
      2.2000000000159901e+00     -2.7440020091442191e-12
      2.2000000012823016e+00     -2.1770762323023879e-10
      2.2000000097031984e+00     -1.6137016880549843e-09
      2.2000000362421464e+00     -5.8536135467994735e-09
      2.2000000955746026e+00     -1.4889191526451332e-08
      2.2000002045598794e+00     -3.0580894610908107e-08
      2.2000003808814421e+00     -5.4451372686871810e-08
      2.2000006420382427e+00     -8.7590192195943629e-08
      2.2000010047200855e+00     -1.3067065819161012e-07
      2.2000014845073292e+00     -1.8402571840733782e-07
      2.2000020958025779e+00     -2.4774139330387190e-07
      2.2000028519073607e+00     -3.2174381410157597e-07
      2.2000037651774083e+00     -4.0586995894412164e-07
      2.2000048472121403e+00     -4.9992046318278175e-07
      2.2000061090516287e+00     -6.0369670240764979e-07
      2.2000075613665788e+00     -7.1702552924030869e-07
      2.2000078413782456e+00      1.0905646938766098e-06
      2.2000092146346431e+00     -8.3977495498295048e-07
      2.2000110793009493e+00     -9.7186350349546835e-07
      2.2000118547941390e+00      1.4392041002521985e-06
      2.2000131659232305e+00     -1.1132653188428634e-06
      2.2000154853031626e+00     -1.2640125391581965e-06
      2.2000161152123567e+00      1.7706996776563184e-06
      2.2000180486060477e+00     -1.4241960007557312e-06
      2.2000207416711279e+00      2.1023586582697649e-06
      2.2000208674710802e+00     -1.5939650039542888e-06
      2.2000239541143540e+00     -1.7735266342661395e-06
      2.2000257855754088e+00      2.4411015331331275e-06
      2.2000273214266137e+00     -1.9631449665256061e-06
      2.2000309830675397e+00     -2.1631403653607190e-06
      2.2000312830694537e+00      2.7910115210604492e-06
      2.2000349535581893e+00     -2.3738890177758671e-06
      2.2000372665990486e+00      3.1551110566411484e-06
      2.2000392483730336e+00     -2.5958227812259750e-06
      2.2000437687817604e+00      3.5359859829171921e-06
      2.2000438840329002e+00     -2.8294293954173564e-06
      2.2000488782000120e+00     -3.0752530826250018e-06
      2.2000508240972736e+00      3.9360620454757451e-06
      2.2000542497762234e+00     -3.3338955458081078e-06
      2.2000584698194543e+00      4.3577505989936041e-06
      2.2000600190054929e+00     -3.6060173637223085e-06
      2.2000662075815787e+00     -3.8923397759082158e-06
      2.2000667466588695e+00      4.8035381563399497e-06
      2.2000728387619199e+00     -4.1936468467793896e-06
      2.2000756992990027e+00      5.2760500559877590e-06
      2.2000799374886495e+00     -4.5107879962757610e-06
      2.2000853769087327e+00      5.7781021927195673e-06
      2.2000875305176826e+00     -4.8446808841077113e-06
      2.2000956465568411e+00     -5.1963146349784239e-06
      2.2000958336739997e+00      6.3127480018424290e-06
      2.2001043164139880e+00     -5.5667533928325742e-06
      2.2001071293750338e+00      6.8833248630648403e-06
      2.2001135731561816e+00     -5.9571401926214530e-06
      2.2001193300285986e+00      7.4935026799663405e-06
      2.2001234522808972e+00     -6.3687011377888900e-06
      2.2001325086123495e+00      8.1473367462382805e-06
      2.2001339919003993e+00     -6.8027498702059577e-06
      2.2001452329404017e+00     -7.2606923162349384e-06
      2.2001467458883952e+00      8.8493267640926783e-06
      2.2001572193542014e+00     -7.7440316876917220e-06
      2.2001621313446229e+00      9.6044838678953529e-06
      2.2001699983535103e+00     -8.2543737094494936e-06
      2.2001787642749209e+00      1.0418407653042107e-05
      2.2001836206572656e+00     -8.7934320359815534e-06
      2.2001967550229842e+00      1.1297375487631568e-05
      2.2001981407597300e+00     -9.3630338068117066e-06
      2.2002136172192173e+00     -9.9651252749299207e-06
      2.2002162264190051e+00      1.2248446788920087e-05
      2.2002301129687947e+00     -1.0601777421827557e-05
      2.2002373154443773e+00      1.3279585490412970e-05
      2.2002476956502925e+00     -1.1275191446878393e-05
      2.2002601751667989e+00      1.4399804634761247e-05
      2.2002664379729091e+00     -1.1987703986264690e-05
      2.2002849769972679e+00      1.5619337942838441e-05
      2.2002864180976016e+00     -1.2741791876328879e-05
      2.2003077200482983e+00     -1.3540076226501538e-05
      2.2003119133318276e+00      1.6949844388463925e-05
      2.2003304341507506e+00     -1.4385325505352888e-05
      2.2003412006552496e+00      1.8404653331072035e-05
      2.2003546574994801e+00     -1.5280457266336106e-05
      2.2003730832018920e+00      1.9999059733059305e-05
      2.2003804944528422e+00     -1.6228538043187160e-05
      2.2004078372919569e+00      2.1750681561203153e-05
      2.2004080571555384e+00     -1.7232780824269453e-05
      2.2004374660870658e+00     -1.8296539365669609e-05
      2.2004457764907461e+00      2.3679894846036952e-05
      2.2004688506333796e+00     -1.9423298418009440e-05
      2.2004872577763224e+00      2.5810366335207888e-05
      2.2005023496774889e+00     -2.0616658711027964e-05
      2.2005326889500334e+00      2.8169709625654527e-05
      2.2005381122026173e+00     -2.1880315247489203e-05
      2.2005762978987873e+00     -2.3218027086177258e-05
      2.2005825375884380e+00      3.0790298652736461e-05
      2.2006170777600556e+00     -2.4633576324999554e-05
      2.2006373419195961e+00      3.3710283250959289e-05
      2.2006606346547581e+00     -2.6130713406252939e-05
      2.2006977241189229e+00      3.6974866349493449e-05
      2.2007071638447431e+00     -2.7713085114474764e-05
      2.2007568734210041e+00     -2.9384140656353310e-05
      2.2007644066703564e+00      4.0637922932929962e-05
      2.2008099846116642e+00     -3.1147009926284565e-05
      2.2008382326426226e+00      4.4764069686521724e-05
      2.2008667319026838e+00     -3.3004346390600046e-05
      2.2009201910098954e+00      4.9431335044789006e-05
      2.2009273628903552e+00     -3.4958124831817375e-05
      2.2009921377550308e+00     -3.7009381224442684e-05
      2.2010114485335692e+00      5.4734638001511629e-05
      2.2010613282035005e+00     -3.9157877932768731e-05
      2.2011133902655784e+00      6.0790369471781165e-05
      2.2011352156663664e+00     -4.1401671883259944e-05
      2.2012140884456191e+00     -4.3736555823766220e-05
      2.2012276715074535e+00      6.7742496410234495e-05
      2.2012982373665881e+00     -4.6155332381948477e-05
      2.2013562851768533e+00      7.5770799284212941e-05
      2.2013879492601034e+00     -4.8646867081436383e-05
      2.2014834972112349e+00     -5.1194852169296952e-05
      2.2015016501739759e+00      8.5102145434669745e-05
      2.2015851258027896e+00     -5.3776210169624551e-05
      2.2016667287928171e+00      9.6026157964057692e-05
      2.2016930281881550e+00     -5.6359130014912689e-05
      2.2018073088196215e+00     -5.8901106979476775e-05
      2.2019279184456417e+00     -6.1349216621125644e-05
      2.2020545289344677e+00     -6.3654380805296622e-05
      2.2021862660464282e+00     -6.5865067284017395e-05
      2.2023211847214483e+00     -6.8663133471989296e-05
      2.2024564380744360e+00     -7.5486927688146884e-05
      2.2025933201202945e+00     -9.3524351031614103e-05

------------------------------------------------------------
Purely Imaginary QNMs (Re ~ 0)
------------------------------------------------------------
  (none)

