============================================================
QNM Convergence Report
============================================================
Date: 2026-02-14 12:18:06
Tolerance: 1.0e-04
Resolutions: 180, 190, 200
Note: only Re(ω) ≥ 0 shown (spectrum symmetric about imaginary axis)

------------------------------------------------------------
Summary
------------------------------------------------------------
Total converged QNMs: 447
  General (Re!=0, Im!=0): 60
  Purely imaginary (Re~0): 84
  Purely real (Im~0): 303

------------------------------------------------------------
General QNMs (Re != 0, Im != 0)
------------------------------------------------------------
                   Re(omega)                   Im(omega)
  ──────────────────────────  ──────────────────────────
      1.4226268923843619e+00      3.4602209545890741e-04
      1.4217326517379656e+00      1.5174805274964552e-04
      1.4214960764737896e+00      1.2459460490282478e-04
      1.4213024963713619e+00      1.0382772301357067e-04
      1.4213036846602027e+00     -1.0563646408561408e-04
      1.4191163205830843e+00     -1.0612419436156087e-04
      1.4190710896684759e+00     -1.1440986223315425e-04
      1.4200165198659895e+00     -1.1743844219963734e-04
      1.4190223156553017e+00     -1.2357810740709971e-04
      1.4189696209154408e+00     -1.3374922802411918e-04
      1.4213914788385653e+00     -1.3846234012433617e-04
      1.4189125764745434e+00     -1.4506367434494107e-04
      1.4188506934609777e+00     -1.5768608439985869e-04
      1.4200754973466307e+00     -1.6972862542709606e-04
      1.4187834128590311e+00     -1.7181026652552745e-04
      1.4214858083485791e+00     -1.7901523346022216e-04
      1.4187100931741459e+00     -1.8766538515388974e-04
      1.4186299955138433e+00     -2.0552368536414881e-04
      1.4201568975732037e+00     -2.2202157012734370e-04
      1.4185422654525277e+00     -2.2571019845308307e-04
      1.4215868801079954e+00     -2.2853898542285622e-04
      1.4217936229055812e+00     -2.3947796139468319e-04
      1.4184459108710288e+00     -2.4861501590773183e-04
      1.4202606503048456e+00     -2.7342044342816877e-04
      1.4183397747279711e+00     -2.7470891815820075e-04
      1.4216948338910418e+00     -2.8848618246180116e-04
      1.4182225014097980e+00     -3.0456341978567762e-04
      1.4203865231504824e+00     -3.2241658196585578e-04
      1.4180924948914180e+00     -3.3887667732542513e-04
      1.4218097008283661e+00     -3.6053956411539144e-04
      1.4205338686880078e+00     -3.6666068286447524e-04
      1.4179478663805425e+00     -3.7850724809898416e-04
      1.4207015078732859e+00     -4.0264436713307087e-04
      1.4177863683598659e+00     -4.2451846152862373e-04
      1.4219313571824872e+00     -4.4663082708147156e-04
      1.4176053109022702e+00     -4.7823727866719290e-04
      1.4174014546998133e+00     -5.4133314102042739e-04
      1.4220594687849306e+00     -5.4895800076457254e-04
      1.4171708732496027e+00     -6.1592471059652390e-04
      1.4169087738326949e+00     -7.0472599739381610e-04
      1.4166092629422680e+00     -8.1124882896325685e-04
      1.4162650361229565e+00     -9.4008703372935594e-04
      1.4158669639628132e+00     -1.0973209031782726e-03
      1.4154035340106954e+00     -1.2911015445689763e-03
      1.4148600908306828e+00     -1.5325089503034637e-03
      1.4142177904754407e+00     -1.8368343773910859e-03
      1.4134521472269659e+00     -2.2255339225774316e-03
      1.4125309935057540e+00     -2.7292675005024972e-03
      1.4114115901123050e+00     -3.3927359788033695e-03
      1.4100365034030984e+00     -4.2825777972150415e-03
      1.4083277006172741e+00     -5.5006283392490460e-03
      1.4061781123710142e+00     -7.2069013532417093e-03
      1.4034397396871561e+00     -9.6608970170664193e-03
      1.3999074933371300e+00     -1.3299112273055679e-02
      1.3952991237503167e+00     -1.8888398381382336e-02
      1.3892360056375406e+00     -2.7851198355668075e-02
      1.3812423248753880e+00     -4.3026293784507334e-02
      1.3708029103079471e+00     -7.0735837064033608e-02
      1.3573376449565571e+00     -1.2798729325824010e-01
      1.3321187946561515e+00     -2.8188340888261693e-01

------------------------------------------------------------
Purely Real QNMs (Im ~ 0)
------------------------------------------------------------
                   Re(omega)                   Im(omega)
  ──────────────────────────  ──────────────────────────
      1.4191583418479998e+00     -9.8617671777977248e-05
      1.4191974487647565e+00     -9.1801039529556397e-05
      1.4192339035843426e+00     -8.5597008588654677e-05
      1.4192679398302350e+00     -7.9938429374355453e-05
      1.4192997659785136e+00     -7.4766776413583404e-05
      1.4193295686016130e+00     -7.0030885879515637e-05
      1.4193575150628934e+00     -6.5685899596180770e-05
      1.4193837558336364e+00     -6.1692378355464057e-05
      1.4194084264915365e+00     -5.8015554662325055e-05
      1.4194316494495909e+00     -5.4624700761766239e-05
      1.4194535354560338e+00     -5.1492592351892262e-05
      1.4194741848992170e+00     -4.8595052013746688e-05
      1.4194936889458081e+00     -4.5910559291335825e-05
      1.4195121305361342e+00     -4.3419916688826401e-05
      1.4195295852567458e+00     -4.1105962735764285e-05
      1.4195461221071621e+00     -3.8953324798089531e-05
      1.4195618041751759e+00     -3.6948205555144370e-05
      1.4195766892329447e+00     -3.5078198077575452e-05
      1.4195908302642821e+00     -3.3332125272746541e-05
      1.4196042759320600e+00     -3.1699900148377294e-05
      1.4196170709933513e+00     -3.0172403909700979e-05
      1.4196292566688751e+00     -2.8741379372886358e-05
      1.4196408709723856e+00     -2.7399337565722953e-05
      1.4196519490048904e+00     -2.6139475710024542e-05
      1.4196625232179112e+00     -2.4955605050471579e-05
      1.4196726236494488e+00     -2.3842087221080869e-05
      1.4196822781358351e+00     -2.2793778030783117e-05
      1.4196915125022413e+00     -2.1805977709913131e-05
      1.4197003507342605e+00     -2.0874386794844845e-05
      1.4197088151326800e+00     -1.9995066942688654e-05
      1.4197169264532978e+00     -1.9164406065327106e-05
      1.4197247040334067e+00     -1.8379087254911078e-05
      1.4197321659063802e+00     -1.7636061043598536e-05
      1.4197393289056190e+00     -1.6932520600720160e-05
      1.4197462087589710e+00     -1.6265879522301978e-05
      1.4197528201746072e+00     -1.5633751912300239e-05
      1.4197591769192277e+00     -1.5033934493122016e-05
      1.4197652918893648e+00     -1.4464390515950588e-05
      1.4197711771764749e+00     -1.3923235269849997e-05
      1.4197768441264267e+00     -1.3408723013247858e-05
      1.4197823033939281e+00     -1.2919235172744459e-05
      1.4197875649923819e+00     -1.2453269672739018e-05
      1.4197926383395987e+00     -1.2009431275497966e-05
      1.4197975322997578e+00     -1.1586422825352317e-05
      1.4198022552219638e+00     -1.1183037302988563e-05
      1.4198068149757086e+00     -1.0798150606533848e-05
      1.4198112189835210e+00     -1.0430714985540325e-05
      1.4198154742510556e+00     -1.0079753062223439e-05
      1.4198195873948458e+00     -9.7443523815574766e-06
      1.4198235646679285e+00     -9.4236604382098252e-06
      1.4198274119835219e+00     -9.1168801339159998e-06
      1.4198311349369259e+00     -8.8232656238574313e-06
      1.4198347388257953e+00     -8.5421185149872296e-06
      1.4198382286689195e+00     -8.2727843831278109e-06
      1.4198416092236386e+00     -8.0146495791012728e-06
      1.4198448850020025e+00     -7.7671382972027797e-06
      1.4198480602857781e+00     -7.5297098820363607e-06
      1.4198511391403972e+00     -7.3018563521422604e-06
      1.4198541254279293e+00     -7.0831001209911408e-06
      1.4198570228191563e+00     -6.8729918978340605e-06
      1.4198598348048197e+00     -6.6711087526055540e-06
      1.4198625647061045e+00     -6.4770523306039877e-06
      1.4198652156844171e+00     -6.2904472040395798e-06
      1.4198677907505146e+00     -6.1109393487643043e-06
      1.4198702927730276e+00     -5.9381947355953196e-06
      1.4198727244864304e+00     -5.7718980266288186e-06
      1.4198750884984919e+00     -5.6117513678265242e-06
      1.4198773872972494e+00     -5.4574732699535501e-06
      1.4198796232575397e+00     -5.3087975706635844e-06
      1.4198817986471164e+00     -5.1654724711738761e-06
      1.4198839156323881e+00     -5.0272596415558465e-06
      1.4198859762837981e+00     -4.8939333891940482e-06
      1.4198879825808770e+00     -4.7652798854424872e-06
      1.4198899364169850e+00     -4.6410964459383220e-06
      1.4198918396037707e+00     -4.5211908604233228e-06
      1.4198936938753617e+00     -4.4053807682773303e-06
      1.4198955008923062e+00     -4.2934930762890427e-06
      1.4198972622452852e+00     -4.1853634154810272e-06
      1.4198989794586054e+00     -4.0808356340708681e-06
      1.4199006539934917e+00     -3.9797613238914429e-06
      1.4199022872511908e+00     -3.8819993778127951e-06
      1.4199038805758970e+00     -3.7874155759080776e-06
      1.4199054352575144e+00     -3.6958821982883873e-06
      1.4199069525342636e+00     -3.6072776626977953e-06
      1.4199084335951428e+00     -3.5214861851118717e-06
      1.4199098795822556e+00     -3.4383974617220045e-06
      1.4199112915930083e+00     -3.3579063708149318e-06
      1.4199126706821905e+00     -3.2799126931733236e-06
      1.4199140178639433e+00     -3.2043208497299045e-06
      1.4199153341136199e+00     -3.1310396553054254e-06
      1.4199166203695512e+00     -3.0599820873505715e-06
      1.4199178775347159e+00     -2.9910650686943510e-06
      1.4199191064783232e+00     -2.9242092633773423e-06
      1.4199203080373153e+00     -2.8593388847179349e-06
      1.4199214830177909e+00     -2.7963815148239730e-06
      1.4199226321963556e+00     -2.7352679348214519e-06
      1.4199237563214062e+00     -2.6759319651266114e-06
      1.4199248561143472e+00     -2.6183103151382788e-06
      1.4199259322707483e+00     -2.5623424417740459e-06
      1.4199269854614440e+00     -2.5079704163171222e-06
      1.4199280163335790e+00     -2.4551387990808068e-06
      1.4199290255116024e+00     -2.4037945214347343e-06
      1.4199300135982127e+00     -2.3538867747715938e-06
      1.4199309811752590e+00     -2.3053669060251645e-06
      1.4199319288045977e+00     -2.2581883193803630e-06
      1.4199328570289087e+00     -2.2123063838438133e-06
      1.4199337663724727e+00     -2.1676783463692704e-06
      1.4199346573419140e+00     -2.1242632502562266e-06
      1.4199355304269057e+00     -2.0820218585622563e-06
      1.4199363861008452e+00     -2.0409165822901300e-06
      1.4199372248214979e+00     -2.0009114131294999e-06
      1.4199380470316108e+00     -1.9619718605499438e-06
      1.4199388531595010e+00     -1.9240648930573178e-06
      1.4199396436196152e+00     -1.8871588834385138e-06
      1.4199404188130682e+00     -1.8512235578307303e-06
      1.4199411791281542e+00     -1.8162299484599263e-06
      1.4199419249408403e+00     -1.7821503498989493e-06
      1.4199426566152369e+00     -1.7489582786985317e-06
      1.4199433745040491e+00     -1.7166284362434481e-06
      1.4199440789490116e+00     -1.6851366746811494e-06
      1.4199447702813048e+00     -1.6544599657605567e-06
      1.4199454488219552e+00     -1.6245763724038648e-06
      1.4199461148822228e+00     -1.5954650228136730e-06
      1.4199467687639722e+00     -1.5671060868911228e-06
      1.4199474107600338e+00     -1.5394807547078626e-06
      1.4199480411545502e+00     -1.5125712167358282e-06
      1.4199486602233142e+00     -1.4863606454949211e-06
      1.4199492682340962e+00     -1.4608331782314866e-06
      1.4199498654469613e+00     -1.4359739001931299e-06
      1.4199504521145794e+00     -1.4117688280226359e-06
      1.4199510284825261e+00     -1.3882048927626649e-06
      1.4199515947895782e+00     -1.3652699219532978e-06
      1.4199521512679987e+00     -1.3429526203297330e-06
      1.4199526981438177e+00     -1.3212425487047855e-06
      1.4199532356371056e+00     -1.3001301007721347e-06
      1.4199537639622366e+00     -1.2796064778182396e-06
      1.4199542833281462e+00     -1.2596636617152941e-06
      1.4199547939385802e+00     -1.2402943871215360e-06
      1.4199552959923314e+00     -1.2214921145812389e-06
      1.4199557896834687e+00     -1.2032510072440203e-06
      1.4199562752015531e+00     -1.1855659152708865e-06
      1.4199567527318437e+00     -1.1684323737393538e-06
      1.4199572224554937e+00     -1.1518466221116619e-06
      1.4199576845497377e+00     -1.1358056562611847e-06
      1.4199581391880776e+00     -1.1203073279530282e-06
      1.4199585865404736e+00     -1.1053505120528043e-06
      1.4199590267735547e+00     -1.0909353694953956e-06
      1.4199594600508689e+00     -1.0770637458103894e-06
      1.4199598865332070e+00     -1.0637397637525161e-06
      1.4199603063790536e+00     -1.0509706999108114e-06
      1.4199607197452477e+00     -1.0387682899077484e-06
      1.4199611267880086e+00     -1.0271507069500413e-06
      1.4199615276645878e+00     -1.0161456513391717e-06
      1.4199619225360824e+00     -1.0057953830706667e-06
      1.4199623115725173e+00     -9.9616539944292522e-07
      1.4199626949627977e+00     -9.8736056865470942e-07
      1.4199630729364658e+00     -9.7955832523577186e-07
      1.4199634458193295e+00     -9.7308744444697297e-07
      1.4199638142153328e+00     -9.6866065390469538e-07
      1.4199641799472960e+00     -9.6839470295290525e-07
      1.4199804316345266e+00     -6.5420328721786479e-05
      1.4200000000100057e+00     -2.6857809408954904e-12
      1.4200000007927758e+00     -2.0746982738853531e-10
      1.4200000058651481e+00     -1.4649458908197640e-09
      1.4200000212518744e+00     -4.9906739959419430e-09
      1.4200000541098192e+00     -1.1842837457916839e-08
      1.4200001115858734e+00     -2.2675247445439455e-08
      1.4200002001815708e+00     -3.7751681773111648e-08
      1.4200003255467750e+00     -5.7068029190527804e-08
      1.4200004925188785e+00     -8.0474891914352664e-08
      1.4200007052625112e+00     -1.0776452279708386e-07
      1.4200009674301377e+00     -1.3872269870660786e-07
      1.4200010452164722e+00      2.1190891088361266e-07
      1.4200012823096539e+00     -1.7315604586388607e-07
      1.4200016529488610e+00     -2.1090454177451332e-07
      1.4200017411954202e+00      2.9666592407299064e-07
      1.4200020822568440e+00     -2.5184583477497908e-07
      1.4200025160159491e+00      3.7836672075205242e-07
      1.4200025730857457e+00     -2.9589538447460053e-07
      1.4200031282970560e+00     -3.4300467902287907e-07
      1.4200033837006754e+00      4.6060142688483028e-07
      1.4200037508161238e+00     -3.9315874279293221e-07
      1.4200043505341062e+00      5.4476820415616759e-07
      1.4200044436779298e+00     -4.4637355902295304e-07
      1.4200052100665108e+00     -5.0269371013859303e-07
      1.4200054214553943e+00      6.3168379310599145e-07
      1.4200060533498906e+00     -5.6219036751011923e-07
      1.4200066013669566e+00      7.2195399635184649e-07
      1.4200069771119515e+00     -6.2495967448264878e-07
      1.4200078955404949e+00      8.1610065770233511e-07
      1.4200079851823688e+00     -6.9112152350589369e-07
      1.4200090816654989e+00     -7.6081870899982655e-07
      1.4200093097848938e+00      9.1461634257178365e-07
      1.4200102709689397e+00     -8.3421643069980759e-07
      1.4200108505389086e+00      1.0179922408423565e-06
      1.4200115578323673e+00     -9.1150212138712820e-07
      1.4200125249394071e+00      1.1267347225379702e-06
      1.4200129473571554e+00     -9.9288557479401401e-07
      1.4200143408838128e+00      1.2413766977781016e-06
      1.4200144450372387e+00     -1.0785993523447510e-06
      1.4200160567916260e+00     -1.1688994504190398e-06
      1.4200163070946312e+00      1.3624865493803630e-06
      1.4200177889989609e+00     -1.2640662126705574e-06
      1.4200184331899499e+00      1.4906760165113555e-06
      1.4200196485344982e+00     -1.3644054745716449e-06
      1.4200207297622600e+00      1.6266077852150077e-06
      1.4200216428098793e+00     -1.4702499299299222e-06
      1.4200232084673707e+00      1.7710032466476704e-06
      1.4200237798160755e+00     -1.5819607118770183e-06
      1.4200258821250522e+00      1.9246507417475861e-06
      1.4200260681698997e+00     -1.6999291840331605e-06
      1.4200285171644880e+00     -1.8245789414261709e-06
      1.4200287648331027e+00      2.0884145467728403e-06
      1.4200311368241902e+00     -1.9563680253794974e-06
      1.4200318720967373e+00      2.2632448332149669e-06
      1.4200339379643308e+00     -2.0957913618517592e-06
      1.4200352209754592e+00      2.4501888412423860e-06
      1.4200369322563471e+00     -2.2433834381904920e-06
      1.4200388302499289e+00      2.6504035292534416e-06
      1.4200401322988525e+00     -2.3997212382254432e-06
      1.4200427206117712e+00      2.8651699983389711e-06
      1.4200435516952259e+00     -2.5654274591011609e-06
      1.4200469148797574e+00      3.0959100366463093e-06
      1.4200472051383894e+00     -2.7411740342200394e-06
      1.4200511085035035e+00     -2.9276859844107520e-06
      1.4200514382464293e+00      3.3442051838573277e-06
      1.4200552789493668e+00     -3.1257456139475158e-06
      1.4200563185599484e+00      3.6118187816880725e-06
      1.4200597350293953e+00     -3.3361970604311760e-06
      1.4200615866468740e+00      3.9007215571206505e-06
      1.4200644968131100e+00     -3.5599512001640938e-06
      1.4200672766826481e+00      4.2131213892633264e-06
      1.4200695860191459e+00     -3.7979909067130515e-06
      1.4200734266179134e+00      4.5514980495614282e-06
      1.4200750261608652e+00     -4.0513766627195885e-06
      1.4200800786704040e+00      4.9186438904758533e-06
      1.4200808427057456e+00     -4.3212525342514286e-06
      1.4200870632498095e+00     -4.6088525291969971e-06
      1.4200872798941351e+00      5.3177116986469492e-06
      1.4200937177084765e+00     -4.9155073669149189e-06
      1.4200950828400274e+00      5.7522712279539216e-06
      1.4201008385253415e+00     -5.2426516722420657e-06
      1.4201035463250777e+00      6.2263762844770762e-06
      1.4201084609004992e+00     -5.5918315619057637e-06
      1.4201127363308907e+00      6.7446446542677507e-06
      1.4201166230401059e+00     -5.9647125161731690e-06
      1.4201227270570549e+00      7.3123536773016624e-06
      1.4201253664288862e+00     -6.3630873446931838e-06
      1.4201336021607729e+00      7.9355549531537037e-06
      1.4201347361272179e+00     -6.7888840036231122e-06
      1.4201447810943095e+00     -7.2441730392528336e-06
      1.4201454562216802e+00      8.6212126317371900e-06
      1.4201555545388806e+00     -7.7311745138589549e-06
      1.4201583964802744e+00      9.3773711024722537e-06
      1.4201671142986956e+00     -8.2522643186551505e-06
      1.4201725449103590e+00      1.0213359670440417e-05
      1.4201795232502430e+00     -8.8099796291442006e-06
      1.4201880407012124e+00      1.1140043934608315e-05
      1.4201928497495211e+00     -9.4070227854945671e-06
      1.4202050432452504e+00      1.2170136109087033e-05
      1.4202071681039203e+00     -1.0046262198498561e-05
      1.4202225590733650e+00     -1.0730728437568981e-05
      1.4202237357537100e+00      1.3318579973479978e-05
      1.4202391103965153e+00     -1.1463603943696567e-05
      1.4202443296584231e+00      1.4603031559475328e-05
      1.4202569173357402e+00     -1.2248205629103024e-05
      1.4202670700041462e+00      1.6044464855804428e-05
      1.4202760832330186e+00     -1.3087959547627224e-05
      1.4202922420967050e+00      1.7667942161128478e-05
      1.4202967200660710e+00     -1.3986364128248375e-05
      1.4203189489861741e+00     -1.4946933909347241e-05
      1.4203201797554506e+00      1.9503600649474114e-05
      1.4203429008046697e+00     -1.5973114011171331e-05
      1.4203512756366388e+00      2.1587924313800478e-05
      1.4203687163792831e+00     -1.7068160320921306e-05
      1.4203859942576760e+00      2.3965402127281772e-05
      1.4203965468406350e+00     -1.8234984037586345e-05
      1.4204248885715440e+00      2.6690718741983709e-05
      1.4204265535838327e+00     -1.9475945980900092e-05
      1.4204589078994430e+00     -2.0792560259859759e-05
      1.4204686212546631e+00      2.9831675849464629e-05
      1.4204937900246453e+00     -2.2185067381414503e-05
      1.4205179923469884e+00      3.3473128219765151e-05
      1.4205313873048613e+00     -2.3651869014473379e-05
      1.4205718910563838e+00     -2.5188784888663320e-05
      1.4205739755585127e+00      3.7722380080380555e-05
      1.4206154914073750e+00     -2.6787968407144788e-05
      1.4206377665363761e+00      4.2716688622800542e-05
      1.4206623687099345e+00     -2.8436330300345990e-05
      1.4207108479615682e+00      4.8633850614164602e-05
      1.4207126790894067e+00     -3.0113490037104104e-05
      1.4207665293043346e+00     -3.1789259073846086e-05
      1.4207950786987829e+00      5.5707469996826804e-05
      1.4208239288686582e+00     -3.3422084320097480e-05
      1.4208846878108545e+00     -3.4971300658901463e-05
      1.4208928180010079e+00      6.4249380363350802e-05
      1.4209481809762436e+00     -3.6508458874915134e-05
      1.4210071019878727e+00      7.4683422558170451e-05
      1.4210130060139583e+00     -3.8897343396721957e-05
      1.4210782971676654e+00     -4.5427242227041699e-05
      1.4211418999753862e+00      8.7597664632077464e-05
      1.4211471190314053e+00     -5.9240666666237041e-05
      1.4212222246074993e+00     -7.9476229485428987e-05

------------------------------------------------------------
Purely Imaginary QNMs (Re ~ 0)
------------------------------------------------------------
                   Re(omega)                   Im(omega)             Delta Im(omega)
  ──────────────────────────  ──────────────────────────  ──────────────────────────
      1.7564559184960708e-76     -1.9318104381962957e+01
      2.6867041918395623e-74     -2.0069191481298770e+01      7.5108709933581252e-01
      1.5060183003505679e-74     -2.0319457062461851e+01      2.5026558116308095e-01
     -1.6585103226909914e-73     -2.0569791856468729e+01      2.5033479400687852e-01
     -8.0562255710387761e-73     -2.0820134243686770e+01      2.5034238721804059e-01
     -1.8836469442328332e-72     -2.1070436013770248e+01      2.5030177008347820e-01
     -1.0681637310006698e-72     -2.1320756483448527e+01      2.5032046967827881e-01
      9.9135036551402369e-72     -2.1571063365993133e+01      2.5030688254460642e-01
      4.3035349607799352e-71     -2.1821363499372548e+01      2.5030013337941526e-01
      8.0699382749122655e-71     -2.2071662615697850e+01      2.5029911632530144e-01
     -1.5379397381590480e-71     -2.2321954091313088e+01      2.5029147561523857e-01
     -5.6413321749341414e-70     -2.2572241461012986e+01      2.5028736969989751e-01
     -1.6563551511470800e-69     -2.2822524614638102e+01      2.5028315362511577e-01
     -1.6047001558424566e-69     -2.3072802616777736e+01      2.5027800213963403e-01
      4.8838822796155670e-69     -2.3323076502607002e+01      2.5027388582926591e-01
      2.2515787349263945e-68     -2.3573346093131015e+01      2.5026959052401310e-01
      3.4230898841816436e-68     -2.3823611367923000e+01      2.5026527479198535e-01
     -2.8339865568479611e-68     -2.4073872654187852e+01      2.5026128626485189e-01
     -2.4259509227482480e-67     -2.4324129946782111e+01      2.5025729259425944e-01
     -4.4477422186007584e-67     -2.4574383336064056e+01      2.5025338928194429e-01
      1.1282523416955762e-67     -2.4824632973515175e+01      2.5024963745111961e-01
      2.2760293304073617e-66     -2.5074878917878902e+01      2.5024594436372638e-01
      4.3736915231338915e-66     -2.5325121260478380e+01      2.5024234259947775e-01
     -7.1620583103966238e-67     -2.5575360104010667e+01      2.5023884353228709e-01
     -1.9502302319927140e-65     -2.5825595521739857e+01      2.5023541772918989e-01
     -3.4180030600281858e-65     -2.6075827595644590e+01      2.5023207390473345e-01
      1.3369280782605560e-65     -2.6326056409711715e+01      2.5022881406712472e-01
      1.5198764535075283e-64     -2.6576282036538288e+01      2.5022562682657323e-01
      2.0625393824277704e-64     -2.6826504549710560e+01      2.5022251317227173e-01
     -2.0576422618535427e-64     -2.7076724022626678e+01      2.5021947291611824e-01
     -1.0237717094573489e-63     -2.7326940523185833e+01      2.5021650055915501e-01
     -8.2358005714974356e-64     -2.7577154117958489e+01      2.5021359477265648e-01
      2.1415404713551058e-63     -2.7827364872619111e+01      2.5021075466062115e-01
      5.4544667483210334e-63     -2.8077572849612782e+01      2.5020797699367137e-01
      4.9786498512612521e-64     -2.8327778109486893e+01      2.5020525987411091e-01
     -1.5446840952934924e-62     -2.8577980711605779e+01      2.5020260211888612e-01
     -1.9392299927598661e-62     -2.8828180713135449e+01      2.5020000152967015e-01
      2.1363336726847369e-62     -2.9078378169343384e+01      2.5019745620793543e-01
      7.4588691043686530e-62     -2.9328573134196731e+01      2.5019496485334614e-01
      1.8471163724345078e-62     -2.9578765660000499e+01      2.5019252580376872e-01
     -1.7157927820979437e-61     -2.9828955797341390e+01      2.5019013734089057e-01
     -1.9809020568292794e-61     -3.0079143595477785e+01      2.5018779813639469e-01
      2.4341778257564022e-61     -3.0329329102309156e+01      2.5018550683137164e-01
      6.5111335241939577e-61     -3.0579512364244170e+01      2.5018326193501395e-01
     -6.5421610862819862e-62     -3.0829693426393327e+01      2.5018106214915647e-01
     -1.4672479139910671e-60     -3.1079872332683863e+01      2.5017890629053596e-01
     -8.1002497105340939e-61     -3.1330049125774032e+01      2.5017679309016927e-01
      2.5328221633572135e-60     -3.1580223847100168e+01      2.5017472132613605e-01
      3.0289334887214743e-60     -3.1830396537016100e+01      2.5017268991593156e-01
     -3.3576667254777414e-60     -3.2080567234794422e+01      2.5017069777832290e-01
     -7.2853164426496034e-60     -3.2330735978600984e+01      2.5016874380656162e-01
      3.0082047116875996e-60     -3.2580902805583541e+01      2.5016682698255721e-01
      1.4097609498449620e-59     -3.2831067751943387e+01      2.5016494635984543e-01
     -2.5777050914428556e-61     -3.3081230852914381e+01      2.5016310097099392e-01
     -2.3648852508387348e-59     -3.3331392142777872e+01      2.5016128986349173e-01
     -6.0222948184904298e-60     -3.3581551654946004e+01      2.5015951216813193e-01
      3.5825086431849659e-59     -3.3831709421995491e+01      2.5015776704948678e-01
      1.6319459585208908e-59     -3.4081865475646509e+01      2.5015605365101834e-01
     -5.0462626304923043e-59     -3.4332019846794317e+01      2.5015437114780781e-01
     -2.9936796187605555e-59     -3.4582172565583015e+01      2.5015271878869783e-01
      6.7622684603579965e-59     -3.4832323661420688e+01      2.5015109583767270e-01
      4.4599845602113423e-59     -3.5082473162955928e+01      2.5014950153524040e-01
     -8.7568791877514731e-59     -3.5332621098114252e+01      2.5014793515832423e-01
     -5.6362504106032314e-59     -3.5582767494171087e+01      2.5014639605683442e-01
      1.1015509303125116e-58     -3.5832912377758667e+01      2.5014488358758058e-01
      6.0035791149464207e-59     -3.6083055774829162e+01      2.5014339707049515e-01
     -1.3362980501289683e-58     -3.6333197710687500e+01      2.5014193585833766e-01
     -5.0463521893444318e-59     -3.6583338210079809e+01      2.5014049939230887e-01
      1.5341111302036505e-58     -3.6833477297205427e+01      2.5013908712561772e-01
      2.4841321604644483e-59     -3.7083614995647189e+01      2.5013769844176181e-01
     -1.6198618795362903e-58     -3.7333751328378135e+01      2.5013633273094626e-01
      1.4396213259902380e-59     -3.7583886317889871e+01      2.5013498951173574e-01
      1.5117867264676421e-58     -3.7834019986255051e+01      2.5013366836518003e-01
     -5.7763144756571795e-59     -3.8084152355003887e+01      2.5013236874883660e-01
     -1.1693618900575058e-58     -3.8334283445019587e+01      2.5013109001569944e-01
      9.0406128628237896e-59     -3.8584413276703451e+01      2.5012983168386427e-01
      6.4420742476618595e-59     -3.8834541870239150e+01      2.5012859353569894e-01
     -9.8562950285907156e-59     -3.9084669245506753e+01      2.5012737526760276e-01
     -9.0479898624291955e-60     -3.9334795421641608e+01      2.5012617613485588e-01
      7.8348334099535749e-59     -3.9584920416917008e+01      2.5012499527539944e-01
     -2.9897762052971359e-59     -3.9835044249423817e+01      2.5012383250680870e-01
     -4.0403953542678496e-59     -4.0085166937813185e+01      2.5012268838936791e-01
      4.0873697929055090e-59     -4.0335288500730464e+01      2.5012156291727905e-01
      4.5742580301160427e-60     -4.0585408954978249e+01      2.5012045424778506e-01

