============================================================
QNM Convergence Report
============================================================
Date: 2026-02-14 11:13:33
Tolerance: 1.0e-04
Resolutions: 180, 190, 200
Note: only Re(ω) ≥ 0 shown (spectrum symmetric about imaginary axis)

------------------------------------------------------------
Summary
------------------------------------------------------------
Total converged QNMs: 451
  General (Re!=0, Im!=0): 60
  Purely imaginary (Re~0): 83
  Purely real (Im~0): 308

------------------------------------------------------------
General QNMs (Re != 0, Im != 0)
------------------------------------------------------------
                   Re(omega)                   Im(omega)
  ──────────────────────────  ──────────────────────────
      1.4023440419772704e+00      3.3021075477564216e-04
      1.4015775835531248e+00      1.3576806083539716e-04
      1.4013672383412399e+00      1.1220125898210688e-04
      1.3989840383445562e+00     -1.0575262040494329e-04
      1.4012866032226474e+00     -1.0883704314811198e-04
      1.4000519960410556e+00     -1.1246087655830724e-04
      1.3989268155845729e+00     -1.1482957803925300e-04
      1.3988646438145780e+00     -1.2497216078868773e-04
      1.3987969385845254e+00     -1.3634087899868364e-04
      1.4013739695884184e+00     -1.4242066911128454e-04
      1.3987230270552147e+00     -1.4912603947535286e-04
      1.4001221821339704e+00     -1.5443965475654475e-04
      1.3986421315578950e+00     -1.6355437714133948e-04
      1.4015923747731485e+00     -1.7225839485971256e-04
      1.3985533494961038e+00     -1.7989742128349403e-04
      1.4014678406223973e+00     -1.8386369376485650e-04
      1.4002140980115274e+00     -1.9557161833649126e-04
      1.3984556286358283e+00     -1.9848212160989014e-04
      1.3983477365429269e+00     -2.1970444128382240e-04
      1.4015684127267207e+00     -2.3444374130299618e-04
      1.4003274227753204e+00     -2.3509246212712691e-04
      1.3982282225410356e+00     -2.4404687749958478e-04
      1.4004613509032477e+00     -2.7145696612476450e-04
      1.3980953700406960e+00     -2.7210122657052901e-04
      1.4016758061657588e+00     -2.9565268851741505e-04
      1.4006143922814367e+00     -3.0211623205696512e-04
      1.3979471363763627e+00     -3.0459841706359216e-04
      1.4007843122541508e+00     -3.2307696447610499e-04
      1.3977810763028924e+00     -3.4244796253733701e-04
      1.4017900232988281e+00     -3.6921713340509196e-04
      1.3975942439307123e+00     -3.8679064415060094e-04
      1.3973830659467814e+00     -4.3906959244806684e-04
      1.4019108998041403e+00     -4.5711739950020071e-04
      1.3971431762181670e+00     -5.0112726434109369e-04
      1.4020380461322430e+00     -5.6160436366755728e-04
      1.3968691979139338e+00     -5.7533933359912013e-04
      1.3965544535046177e+00     -6.6480192741617448e-04
      1.3961905744627836e+00     -7.7359710131850122e-04
      1.3957669696961001e+00     -9.0717489717251441e-04
      1.3952700922831069e+00     -1.0729121295654945e-03
      1.3946824139932121e+00     -1.2809441037845463e-03
      1.3939809697371186e+00     -1.5454264423106080e-03
      1.3931352582034031e+00     -1.8864898124888374e-03
      1.3921041606945428e+00     -2.3333381609429811e-03
      1.3908313319053696e+00     -2.9292848305070584e-03
      1.3892381574264210e+00     -3.7401706589953918e-03
      1.3872127324457268e+00     -4.8688811485562491e-03
      1.3845921208883623e+00     -6.4812788166908235e-03
      1.3811327754605298e+00     -8.8544360507561547e-03
      1.3764587961848525e+00     -1.2470709108419504e-02
      1.3699646393092866e+00     -1.8212163661790216e-02
      1.3606092056517198e+00     -2.7793347234915628e-02
      1.3463849261806213e+00     -4.4825869018890366e-02
      1.3224496238415444e+00     -7.7817364872956568e-02
      1.2708555246388593e+00     -1.4974639816343963e-01
      3.0219561632316955e-01     -8.5835423714227066e-01
      2.8099204318702364e-01     -1.1448617892856869e+00
      2.6702395196471113e-01     -1.4199310286311337e+00
      2.5671712010780651e-01     -1.6880040419997449e+00
      2.4851402185918425e-01     -1.9516084496557504e+00

------------------------------------------------------------
Purely Real QNMs (Im ~ 0)
------------------------------------------------------------
                   Re(omega)                   Im(omega)
  ──────────────────────────  ──────────────────────────
      1.3990368216764890e+00     -9.7605283594653455e-05
      1.3990856114714902e+00     -9.0271823303962945e-05
      1.3991307992146638e+00     -8.3653327683663088e-05
      1.3991727297337564e+00     -7.7664935396500593e-05
      1.3992117076944384e+00     -7.2233565899521658e-05
      1.3992480030679302e+00     -6.7296058451241054e-05
      1.3992818557521240e+00     -6.2797639024824784e-05
      1.3993134794922959e+00     -5.8690651650044305e-05
      1.3993430652198247e+00     -5.4933504048444006e-05
      1.3993707839053335e+00     -5.1489787752033785e-05
      1.3993967890051140e+00     -4.8327540933362271e-05
      1.3994212185656056e+00     -4.5418628465467138e-05
      1.3994441970393552e+00     -4.2738218679474461e-05
      1.3994658368566881e+00     -4.0264340201163592e-05
      1.3994862397898609e+00     -3.7977505357330492e-05
      1.3995054981403581e+00     -3.5860389124923519e-05
      1.3995236957750126e+00     -3.3897554586109753e-05
      1.3995409090325086e+00     -3.2075217455007994e-05
      1.3995572075184370e+00     -3.0381043537615878e-05
      1.3995726548042675e+00     -2.8803974038358944e-05
      1.3995873090432529e+00     -2.7334074483877104e-05
      1.3996012235143460e+00     -2.5962403735763293e-05
      1.3996144471035672e+00     -2.4680900139448426e-05
      1.3996270247308982e+00     -2.3482282330421215e-05
      1.3996389977296253e+00     -2.2359962610676957e-05
      1.3996504041840794e+00     -2.1307971133033064e-05
      1.3996612792309002e+00     -2.0320889401015948e-05
      1.3996716553282522e+00     -1.9393791817295822e-05
      1.3996815624968240e+00     -1.8522194202100852e-05
      1.3996910285359379e+00     -1.7702008361142197e-05
      1.3997000792176584e+00     -1.6929501915579113e-05
      1.3997087384614240e+00     -1.6201262718731176e-05
      1.3997170284913962e+00     -1.5514167279105099e-05
      1.3997249699784540e+00     -1.4865352689721047e-05
      1.3997325821685209e+00     -1.4252191632061302e-05
      1.3997398829987036e+00     -1.3672270081174836e-05
      1.3997468892025489e+00     -1.3123367388168112e-05
      1.3997536164055653e+00     -1.2603438458835807e-05
      1.3997600792120251e+00     -1.2110597783648676e-05
      1.3997662912839424e+00     -1.1643105105649201e-05
      1.3997722654130254e+00     -1.1199352539785725e-05
      1.3997780135863027e+00     -1.0777852980493806e-05
      1.3997835470460553e+00     -1.0377229654456245e-05
      1.3997888763446087e+00     -9.9962066929017100e-06
      1.3997940113944836e+00     -9.6336006129240575e-06
      1.3997989615143478e+00     -9.2883126104497926e-06
      1.3998037354711679e+00     -8.9593215789274393e-06
      1.3998083415189126e+00     -8.6456777777970413e-06
      1.3998127874341284e+00     -8.3464970835214811e-06
      1.3998170805486725e+00     -8.0609557635956667e-06
      1.3998212277798583e+00     -7.7882857206413305e-06
      1.3998252356582459e+00     -7.5277701595698931e-06
      1.3998291103532845e+00     -7.2787396359609167e-06
      1.3998328576969945e+00     -7.0405684483517828e-06
      1.3998364832058585e+00     -6.8126713411446801e-06
      1.3998399921010749e+00     -6.5945004883785037e-06
      1.3998433893273103e+00     -6.3855427317448674e-06
      1.3998466795700815e+00     -6.1853170490004661e-06
      1.3998498672718722e+00     -5.9933722313866255e-06
      1.3998529566470983e+00     -5.8092847508497176e-06
      1.3998559516960054e+00     -5.6326567997964032e-06
      1.3998588562175913e+00     -5.4631144878446384e-06
      1.3998616738216292e+00     -5.3003061815702482e-06
      1.3998644079398588e+00     -5.1439009746218775e-06
      1.3998670618364171e+00     -4.9935872768034192e-06
      1.3998696386175604e+00     -4.8490715118197131e-06
      1.3998721412407376e+00     -4.7100769143630467e-06
      1.3998745725230597e+00     -4.5763424180978451e-06
      1.3998769351492140e+00     -4.4476216268904060e-06
      1.3998792316788626e+00     -4.3236818623394707e-06
      1.3998814645535627e+00     -4.2043032813009280e-06
      1.3998836361032456e+00     -4.0892780576736177e-06
      1.3998857485522851e+00     -3.9784096232300412e-06
      1.3998878040251848e+00     -3.8715119627418807e-06
      1.3998898045519108e+00     -3.7684089590709274e-06
      1.3998917520728977e+00     -3.6689337842761597e-06
      1.3998936484437456e+00     -3.5729283331314937e-06
      1.3998954954396357e+00     -3.4802426957599386e-06
      1.3998972947594779e+00     -3.3907346663718972e-06
      1.3998990480298135e+00     -3.3042692853510872e-06
      1.3999007568084862e+00     -3.2207184121637719e-06
      1.3999024225880994e+00     -3.1399603267779636e-06
      1.3999040467992712e+00     -3.0618793574712233e-06
      1.3999056308137046e+00     -2.9863655330804335e-06
      1.3999071759470794e+00     -2.9133142579063008e-06
      1.3999086834617835e+00     -2.8426260076307648e-06
      1.3999101545694894e+00     -2.7742060447384763e-06
      1.3999115904335870e+00     -2.7079641520552220e-06
      1.3999129921714841e+00     -2.6438143831278412e-06
      1.3999143608567794e+00     -2.5816748282728250e-06
      1.3999156975213178e+00     -2.5214673952154211e-06
      1.3999170031571369e+00     -2.4631176033285719e-06
      1.3999182787183082e+00     -2.4065543905622985e-06
      1.3999195251226813e+00     -2.3517099322300223e-06
      1.3999207432535379e+00     -2.2985194708895974e-06
      1.3999219339611590e+00     -2.2469211566243854e-06
      1.3999230980643127e+00     -2.1968558970942960e-06
      1.3999242363516655e+00     -2.1482672167893304e-06
      1.3999253495831234e+00     -2.1011011249796511e-06
      1.3999264384911057e+00     -2.0553059919177008e-06
      1.3999275037817571e+00     -2.0108324329105492e-06
      1.3999285461361002e+00     -1.9676331999458515e-06
      1.3999295662111333e+00     -1.9256630806241599e-06
      1.3999305646408766e+00     -1.8848788042257749e-06
      1.3999315420373684e+00     -1.8452389548241059e-06
      1.3999324989916175e+00     -1.8067038914524232e-06
      1.3999334360745128e+00     -1.7692356754402522e-06
      1.3999343538376912e+00     -1.7327980051634966e-06
      1.3999352528143691e+00     -1.6973561586035462e-06
      1.3999361335201403e+00     -1.6628769442908938e-06
      1.3999369964537380e+00     -1.6293286614249959e-06
      1.3999378420977693e+00     -1.5966810702221099e-06
      1.3999386709194179e+00     -1.5649053738554568e-06
      1.3999394833711227e+00     -1.5339742137266060e-06
      1.3999402798912266e+00     -1.5038616802524254e-06
      1.3999410609046032e+00     -1.4745433418751907e-06
      1.3999418268232571e+00     -1.4459962956062022e-06
      1.3999425780468961e+00     -1.4181992430867895e-06
      1.3999433149634795e+00     -1.3911325968669816e-06
      1.3999440379497303e+00     -1.3647786223002634e-06
      1.3999447473716116e+00     -1.3391216210168388e-06
      1.3999454435847554e+00     -1.3141481621645506e-06
      1.3999461269348292e+00     -1.2898473671597560e-06
      1.3999467977578250e+00     -1.2662112520391175e-06
      1.3999474563802417e+00     -1.2432351278493206e-06
      1.3999481031191301e+00     -1.2209180527221342e-06
      1.3999487382819600e+00     -1.1992633178689761e-06
      1.3999493621662620e+00     -1.1782789319659351e-06
      1.3999499750589961e+00     -1.1579780427336378e-06
      1.3999505772356098e+00     -1.1383792005067098e-06
      1.3999511689587734e+00     -1.1195063286291586e-06
      1.3999517504768346e+00     -1.1013882273832442e-06
      1.3999523220221208e+00     -1.0840574177705837e-06
      1.3999528838093396e+00     -1.0675481537949019e-06
      1.3999534360344492e+00     -1.0518935263759442e-06
      1.3999539788744710e+00     -1.0371217682453200e-06
      1.3999545124886954e+00     -1.0232521331494104e-06
      1.3999550370215574e+00     -1.0102909950943791e-06
      1.3999555526070984e+00     -9.9822897372621449e-07
      1.3999559706419018e+00      5.5897124939571679e-06
      1.3999560593744846e+00     -9.8703981904712061e-07
      1.3999565574536976e+00     -9.7668144364220389e-07
      1.3999570469804019e+00     -9.6709897280022390e-07
      1.3999575280992242e+00     -9.5822919672747533e-07
      1.3999580009651142e+00     -9.5000554818666522e-07
      1.3999584657429405e+00     -9.4236276511047724e-07
      1.3999589226057976e+00     -9.3524065920817048e-07
      1.3999593717326286e+00     -9.2858675248231570e-07
      1.3999598133057043e+00     -9.2235783547220529e-07
      1.3999602475083444e+00     -9.1652068248907364e-07
      1.3999606745231072e+00     -9.1105223244037666e-07
      1.3999610945305392e+00     -9.0593954571754423e-07
      1.3999615077085037e+00     -9.0117982153008149e-07
      1.3999619142320892e+00     -8.9678074306942373e-07
      1.3999623142741189e+00     -8.9276144116011553e-07
      1.3999627080063846e+00     -8.8915446690988458e-07
      1.3999630956018894e+00     -8.8600940518598704e-07
      1.3999634772387608e+00     -8.8339928957478602e-07
      1.3999638531072962e+00     -8.8143216317374439e-07
      1.3999642234236305e+00     -8.8027299097766081e-07
      1.3999645884593184e+00     -8.8018891569603024e-07
      1.3999649486161987e+00     -8.8165590994935474e-07
      1.3999653046674194e+00     -8.8566855404028606e-07
      1.3999656589661913e+00     -8.9505851073894155e-07
      1.4000000000098498e+00     -2.6829829214707507e-12
      1.4000000007800208e+00     -2.0700608165940072e-10
      1.4000000057653574e+00     -1.4586331283718518e-09
      1.4000000208648207e+00     -4.9566519890695039e-09
      1.4000000530529797e+00     -1.1731852292746784e-08
      1.4000001092594372e+00     -2.2409309474695893e-08
      1.4000001957598227e+00     -3.7231711798111649e-08
      1.4000003179899250e+00     -5.6184711283404519e-08
      1.4000004805957196e+00     -7.9118296333194818e-08
      1.4000006875761577e+00     -1.0583089600343420e-07
      1.4000009424423248e+00     -1.3611852932715701e-07
      1.4000009787332039e+00      2.0092060268038879e-07
      1.4000012483616044e+00     -1.6980008440004295e-07
      1.4000016082781921e+00     -2.0672845692199794e-07
      1.4000016354788196e+00      2.8187318532262551e-07
      1.4000020250106937e+00     -2.4679402210247561e-07
      1.4000023674981115e+00      3.5997239283309132e-07
      1.4000025013305781e+00     -2.8992426984795004e-07
      1.4000030400256529e+00     -3.3608172660130148e-07
      1.4000031877682868e+00      4.3862944733159806e-07
      1.4000036291332718e+00     -6.9422799801305548e-05
      1.4000036439522356e+00     -3.8526128770535076e-07
      1.4000041020745528e+00      5.1917237532340755e-07
      1.4000043160789868e+00     -4.3748752809055610e-07
      1.4000050595247147e+00     -4.9281226004338891e-07
      1.4000051149663937e+00      6.0237605315671073e-07
      1.4000058775919371e+00     -5.5131245096756677e-07
      1.4000062309720913e+00      6.8881373687156751e-07
      1.4000067737975745e+00     -6.1308853618192365e-07
      1.4000074549737329e+00      7.7897731907709394e-07
      1.4000077519018423e+00     -6.7826312566761379e-07
      1.4000087923615145e+00      8.7332897497892226e-07
      1.4000088159361932e+00     -7.4698008944688811e-07
      1.4000099702309980e+00     -8.1940400314592774e-07
      1.4000102491186897e+00      9.7232743695614497e-07
      1.4000112194435397e+00     -8.9571993736348890e-07
      1.4000118318841728e+00      1.0764435587628137e-06
      1.4000125685868194e+00     -9.7613357845129164e-07
      1.4000135480099913e+00      1.1861710214738766e-06
      1.4000140230596168e+00     -1.0608716723037225e-06
      1.4000154056207985e+00      1.3020348207837859e-06
      1.4000155886782197e+00     -1.1501827855629205e-06
      1.4000172717102211e+00     -1.2443383794714851e-06
      1.4000174136789725e+00      1.4245988514335128e-06
      1.4000190789107718e+00     -1.3436341899217114e-06
      1.4000195820573920e+00      1.5544733046973436e-06
      1.4000210175616865e+00     -1.4483919028236466e-06
      1.4000219216214553e+00      1.6923223011136570e-06
      1.4000230955138044e+00     -1.5589611069282151e-06
      1.4000244443217764e+00      1.8388720277618845e-06
      1.4000253212330198e+00     -1.6757214974889115e-06
      1.4000271632990648e+00      1.9949195681200199e-06
      1.4000277038504094e+00     -1.7990852952318196e-06
      1.4000300930028913e+00      2.1613425741179934e-06
      1.4000302532168973e+00     -1.9294998385737466e-06
      1.4000329799629063e+00     -2.0674503062809918e-06
      1.4000332493263186e+00      2.3391099243773335e-06
      1.4000358955634633e+00     -2.2134625365895511e-06
      1.4000366497587271e+00      2.5292935385294008e-06
      1.4000390124092428e+00     -2.3681059304142512e-06
      1.4000403135595918e+00      2.7330815764806571e-06
      1.4000423438840710e+00     -2.5319964617198216e-06
      1.4000442619564359e+00      2.9517933429477198e-06
      1.4000459044494646e+00     -2.7057998643926874e-06
      1.4000485183707465e+00      3.1868963342312357e-06
      1.4000497097368729e+00     -2.8902351131647522e-06
      1.4000531086762371e+00      3.4400259889694126e-06
      1.4000537766484129e+00     -3.0860783509309324e-06
      1.4000580614945637e+00      3.7130088114096541e-06
      1.4000581234670408e+00     -3.2941674161208112e-06
      1.4000627699772730e+00     -3.5154070724696765e-06
      1.4000634085344488e+00      4.0078895970221690e-06
      1.4000677375977073e+00     -3.7507749311734740e-06
      1.4000691849812699e+00      4.3269634934678483e-06
      1.4000730495266720e+00     -4.0013278970961450e-06
      1.4000754299456089e+00      4.6728136005022081e-06
      1.4000787309022960e+00     -4.2682088159090683e-06
      1.4000821869811759e+00      5.0483548338458206e-06
      1.4000848089781452e+00     -4.5526529316982026e-06
      1.4000895046849791e+00      5.4568849887696620e-06
      1.4000913133153712e+00     -4.8559938803926078e-06
      1.4000974373955934e+00      5.9021444808744846e-06
      1.4000982759922047e+00     -5.1796692970297051e-06
      1.4001057318318140e+00     -5.5252266380943954e-06
      1.4001060460087784e+00      6.3883871480918633e-06
      1.4001137186501671e+00     -5.8943302633571682e-06
      1.4001153989334032e+00      6.9204655634618851e-06
      1.4001222775265592e+00     -6.2887707722851275e-06
      1.4001255732148690e+00      7.5039350596549027e-06
      1.4001314531004059e+00     -6.7104766656583766e-06
      1.4001366558587887e+00      8.1451806237357397e-06
      1.4001412938979672e+00     -7.1615266298285472e-06
      1.4001487453960555e+00      8.8515701243269078e-06
      1.4001518526909766e+00     -7.6441589586172770e-06
      1.4001619537430592e+00      9.6316373908175652e-06
      1.4001631868858018e+00     -8.1607744987729865e-06
      1.4001753589384935e+00     -8.7139325858541807e-06
      1.4001764084275710e+00      1.0495301842905339e-05
      1.4001884367913340e+00     -9.3063452022120729e-06
      1.4001922552691908e+00      1.1454138691523475e-05
      1.4002024943328033e+00     -9.9408786339665017e-06
      1.4002096616206348e+00      1.2521721483119426e-05
      1.4002176118923932e+00     -1.0620567216701636e-05
      1.4002288202968907e+00      1.3714059022599707e-05
      1.4002338767834985e+00     -1.1348627556609237e-05
      1.4002499543592672e+00      1.5050139925230714e-05
      1.4002513838891404e+00     -1.2128444849765727e-05
      1.4002702362503845e+00     -1.2963509991699278e-05
      1.4002733229951720e+00      1.6552599108259964e-05
      1.4002905456006534e+00     -1.3857329953647683e-05
      1.4002992288254206e+00      1.8248558277762275e-05
      1.4003124328321797e+00     -1.4813376287809666e-05
      1.4003280270372398e+00      2.0170745156170446e-05
      1.4003360284576021e+00     -1.5835094875629075e-05
      1.4003601368158392e+00      2.2358980535635175e-05
      1.4003614731074854e+00     -1.6925860374166563e-05
      1.4003889178917446e+00     -1.8088703509677214e-05
      1.4003960557894839e+00      2.4862061938366779e-05
      1.4004185242740907e+00     -1.9325885033045384e-05
      1.4004363786090885e+00      2.7740207798108482e-05
      1.4004504633738193e+00     -2.0638678440223917e-05
      1.4004818210099113e+00      3.1068490551895533e-05
      1.4004849150441676e+00     -2.2027338945454471e-05
      1.4005220664993876e+00     -2.3490428487279438e-05
      1.4005332510435127e+00      3.4941502338998872e-05
      1.4005621088833937e+00     -2.5023288585145158e-05
      1.4005917305219631e+00      3.9479541624290461e-05
      1.4006052308517127e+00     -2.6617176772266658e-05
      1.4006516100832360e+00     -2.8258828018302828e-05
      1.4006585707304455e+00      4.4837643252018170e-05
      1.4007013992412010e+00     -2.9927059815397034e-05
      1.4007354077751535e+00      5.1218289461845779e-05
      1.4007546966233149e+00     -3.1588993365167111e-05
      1.4008114934785112e+00     -3.3202282300113317e-05
      1.4008243073425064e+00      5.8889845696742444e-05
      1.4008715632440094e+00     -3.4729742160904651e-05
      1.4009279117409983e+00      6.8214299562709973e-05
      1.4009341919037024e+00     -3.6284121646500714e-05
      1.4009978918807120e+00     -3.8977998854819450e-05
      1.4010496519076843e+00      7.9689378532101120e-05
      1.4010622451512540e+00     -4.6421258550972070e-05
      1.4011307222181919e+00     -6.1142243567914866e-05
      1.4011940593797756e+00      9.4014972039855316e-05
      1.4012055316736436e+00     -8.2020729211082106e-05

------------------------------------------------------------
Purely Imaginary QNMs (Re ~ 0)
------------------------------------------------------------
                   Re(omega)                   Im(omega)             Delta Im(omega)
  ──────────────────────────  ──────────────────────────  ──────────────────────────
     -5.8201352610715373e-75     -1.9990729130936728e+01
      4.8209305043182025e-74     -2.0241376049879129e+01      2.5064691894240099e-01
      2.5720827641670802e-73     -2.0491935262941976e+01      2.5055921306284645e-01
      6.6931607289993766e-73     -2.0742695137515412e+01      2.5075987457343629e-01
      6.4045960819271716e-73     -2.0993294199476576e+01      2.5059906196116444e-01
     -2.6405741968795109e-72     -2.1243938950105772e+01      2.5064475062919556e-01
     -1.4598018876308703e-71     -2.1494577189506685e+01      2.5063823940091368e-01
     -3.3959322313365880e-71     -2.1745184445436582e+01      2.5060725592989641e-01
     -1.8357518082915982e-71     -2.1995798379253849e+01      2.5061393381726660e-01
      1.6279570053142101e-70     -2.2246397731293012e+01      2.5059935203916339e-01
      6.4621959810959718e-70     -2.2496986828070430e+01      2.5058909677741781e-01
      1.0233108986756339e-69     -2.2747570312765731e+01      2.5058348469530145e-01
     -7.4995730382014314e-70     -2.2998143462687963e+01      2.5057314992223212e-01
     -8.0734397053895945e-69     -2.3248708698090983e+01      2.5056523540301967e-01
     -1.8558358266870646e-68     -2.3499266394012889e+01      2.5055769592190558e-01
     -6.9952660021681714e-69     -2.3749815763256009e+01      2.5054936924312088e-01
      7.8106415370506347e-68     -2.4000357676109278e+01      2.5054191285326866e-01
      2.3202328646081569e-67     -2.4250892204025078e+01      2.5053452791580000e-01
      1.8366047948999944e-67     -2.4501419327768410e+01      2.5052712374333197e-01
     -6.6211175354933429e-67     -2.4751939411498071e+01      2.5052008372966128e-01
     -2.3262484097301224e-66     -2.5002452565557189e+01      2.5051315405911723e-01
     -2.1175965406556058e-66     -2.5252958905342798e+01      2.5050633978560910e-01
      5.5219267739664647e-66     -2.5503458642739510e+01      2.5049973739671216e-01
      1.9808618990390862e-65     -2.5753951908183502e+01      2.5049326544399264e-01
      1.5971149153911975e-65     -2.6004438833447608e+01      2.5048692526410576e-01
     -4.7397515046155676e-65     -2.6254919577324408e+01      2.5048074387679975e-01
     -1.4407040795360991e-64     -2.6505394269760849e+01      2.5047469243644116e-01
     -7.2030835345032684e-65     -2.6755863037121745e+01      2.5046876736089629e-01
      3.9193008377017249e-64     -2.7006326013456263e+01      2.5046297633451786e-01
      8.5828691509666349e-64     -2.7256783320915890e+01      2.5045730745962658e-01
     -2.1254538356219309e-65     -2.7507235076758665e+01      2.5045175584277501e-01
     -2.7968936576982870e-63     -2.7757681399580974e+01      2.5044632282230950e-01
     -3.7476392480810051e-63     -2.8008122402068373e+01      2.5044100248739909e-01
      3.6055992174132896e-63     -2.8258558192242042e+01      2.5043579017366824e-01
      1.5501683407222731e-62     -2.8508988877070564e+01      2.5043068482852249e-01
      8.0220447899025606e-63     -2.8759414559951718e+01      2.5042568288115419e-01
     -3.3933498879031789e-62     -2.9009835340282201e+01      2.5042078033048298e-01
     -5.7791153428135305e-62     -2.9260251315449022e+01      2.5041597516682046e-01
      3.0041018631205196e-62     -2.9510662580262583e+01      2.5041126481356102e-01
      1.7516935918430795e-61     -2.9761069226237048e+01      2.5040664597446494e-01
      8.4884684150629044e-62     -3.0011471342534723e+01      2.5040211629767484e-01
     -3.4544427414496186e-61     -3.0261869016177446e+01      2.5039767364272336e-01
     -4.7467810062888990e-61     -3.0512262331513472e+01      2.5039331533602649e-01
      4.1799510886444637e-61     -3.0762651370508472e+01      2.5038903899499942e-01
      1.3322915799886464e-60     -3.1013036213168537e+01      2.5038484266006478e-01
     -4.6474985149552414e-63     -3.1263416937324141e+01      2.5038072415560464e-01
     -2.7441193248492146e-60     -3.1513793618575523e+01      2.5037668125138168e-01
     -1.5580086075291544e-60     -3.1764166330633362e+01      2.5037271205783895e-01
      4.4995800794082040e-60     -3.2014535145384173e+01      2.5036881475081074e-01
      5.1144559253949619e-60     -3.2264900132745780e+01      2.5036498736160695e-01
     -5.9573118923767686e-60     -3.2515261360802228e+01      2.5036122805644823e-01
     -1.1469377998480937e-59     -3.2765618896012114e+01      2.5035753520988635e-01
      6.1046605529775095e-60     -3.3015972803161688e+01      2.5035390714957373e-01
      2.1143972433107440e-59     -3.3266323145321181e+01      2.5035034215949281e-01
     -3.8819299752276509e-60     -3.3516669984013703e+01      2.5034683869252206e-01
     -3.4252429703818108e-59     -3.3767013379328091e+01      2.5034339531438832e-01
     -1.2838413974099727e-60     -3.4017353389848431e+01      2.5034001052033972e-01
      5.0562055065644398e-59     -3.4267690072663648e+01      2.5033668281521670e-01
      8.9031953613043530e-60     -3.4518023483532758e+01      2.5033341086911065e-01
     -6.9631729346536998e-59     -3.4768353676949566e+01      2.5033019341680784e-01
     -1.7021935244568576e-59     -3.5018680706060515e+01      2.5032702911094873e-01
      9.0780262610892548e-59     -3.5269004622691085e+01      2.5032391663057041e-01
      2.2210446287769485e-59     -3.5519325477515778e+01      2.5032085482469313e-01
     -1.1265762913839840e-58     -3.5769643320108379e+01      2.5031784259260093e-01
     -2.0167284480609538e-59     -3.6019958198831397e+01      2.5031487872301739e-01
      1.3246348582527100e-58     -3.6270270160847176e+01      2.5031196201577899e-01
      7.1283304112975616e-60     -3.6520579252319862e+01      2.5030909147268687e-01
     -1.4533418464191954e-58     -3.6770885518495646e+01      2.5030626617578378e-01
      1.7971108752349209e-59     -3.7021189003533323e+01      2.5030348503767641e-01
      1.4484397803130890e-58     -3.7271489750432949e+01      2.5030074689962589e-01
     -5.1271124566750782e-59     -3.7521787801299375e+01      2.5029805086642654e-01
     -1.2544595120988473e-58     -3.7772083197569380e+01      2.5029539627000474e-01
      8.3249339868916875e-59     -3.8022375979781543e+01      2.5029278221216344e-01
      8.6535800719068763e-59     -3.8272666187228083e+01      2.5029020744653963e-01
     -1.0128197183241786e-58     -3.8522953858194121e+01      2.5028767096603843e-01
     -3.5855443758161335e-59     -3.8773239030632858e+01      2.5028517243873694e-01
      9.5847720842152912e-59     -3.9023521742196714e+01      2.5028271156385529e-01
     -1.1322889739596232e-59     -3.9273802029247548e+01      2.5028028705083472e-01
     -6.7443340776673092e-59     -3.9524079926236176e+01      2.5027789698862790e-01
      3.9121209085724365e-59     -3.9774355466956052e+01      2.5027554071987623e-01
      2.8596616460656034e-59     -4.0024628686565428e+01      2.5027321960937599e-01
     -4.0895837891394799e-59     -4.0274899621065011e+01      2.5027093449958215e-01
      2.8076868653383827e-60     -4.0525168303248108e+01      2.5026868218309772e-01

