============================================================
QNM Convergence Report
============================================================
Date: 2026-02-13 18:45:03
Tolerance: 1.0e-04
Resolutions: 180, 190, 200
Note: only Re(ω) ≥ 0 shown (spectrum symmetric about imaginary axis)

------------------------------------------------------------
Summary
------------------------------------------------------------
Total converged QNMs: 272
  General (Re!=0, Im!=0): 38
  Purely imaginary (Re~0): 0
  Purely real (Im~0): 234

------------------------------------------------------------
General QNMs (Re != 0, Im != 0)
------------------------------------------------------------
                   Re(omega)                   Im(omega)
  ──────────────────────────  ──────────────────────────
      1.4225958257548206e+00      2.2997005773593411e-04
      1.4217559791579943e+00      1.5458742954619701e-04
      1.4215148602374668e+00      1.2673580718025731e-04
      1.4213178444561687e+00      1.0547470677443310e-04
      1.4201644623634482e+00      1.0380004008587009e-04
      1.4212944433259043e+00     -1.0285882233986321e-04
      1.4201942046989364e+00     -1.0372443824645100e-04
      1.4213814665719389e+00     -1.3495996187521593e-04
      1.4214749863546388e+00     -1.7465643536019359e-04
      1.4215752136637272e+00     -2.2316891068594079e-04
      1.4216822970617968e+00     -2.8192346658322215e-04
      1.4217962812777205e+00     -3.5257346187711469e-04
      1.4206116667234774e+00     -4.1930094257309439e-04
      1.4219170620741417e+00     -4.3701839990718203e-04
      1.4206482611864335e+00     -4.4769194174931677e-04
      1.4220443320883878e+00     -5.3742153993425979e-04
      1.4221775154558447e+00     -6.5622406361118117e-04
      1.4165327774635696e+00     -9.0575688429648962e-04
      1.4165720542976550e+00     -1.0237874415312135e-03
      1.4161710861090131e+00     -1.1034240952573497e-03
      1.4157609292060434e+00     -1.2907077296153539e-03
      1.4152836138466436e+00     -1.5220416737037482e-03
      1.4147242348697009e+00     -1.8109998648621521e-03
      1.4140637889369239e+00     -2.1763021442507240e-03
      1.4132777952133042e+00     -2.6442897091714041e-03
      1.4123344638076247e+00     -3.2527106455859669e-03
      1.4111922229527296e+00     -4.0567568068749756e-03
      1.4097964346007834e+00     -5.1389358169978824e-03
      1.4080752001751433e+00     -6.6256721255592583e-03
      1.4059344906001807e+00     -8.7161197624943121e-03
      1.4032539227117573e+00     -1.1734031825280230e-02
      1.3998877610862341e+00     -1.6225326898027255e-02
      1.3956853937956530e+00     -2.3152098544109673e-02
      1.3905755367252886e+00     -3.4308653880696233e-02
      1.3848613459081069e+00     -5.3318746826238134e-02
      1.3802949604630310e+00     -8.8494899360965690e-02
      1.3848131227156029e+00     -1.6415058376030695e-01
      1.4423801682017361e+00     -4.1560599316353264e-01

------------------------------------------------------------
Purely Real QNMs (Im ~ 0)
------------------------------------------------------------
                   Re(omega)                   Im(omega)
  ──────────────────────────  ──────────────────────────
      1.4199989943482285e+00      1.1655449231372741e-07
      1.4199990171748993e+00     -2.9330081864818155e-07
      1.4199990478501998e+00      5.2970470953068046e-07
      1.4199991163463368e+00     -7.0280290656391592e-07
      1.4199991776594503e+00      9.4892239238287853e-07
      1.4199992917712081e+00     -1.1148664710930202e-06
      1.4199993839247576e+00      1.3767490207620864e-06
      1.4199995433298347e+00     -1.5321491098928329e-06
      1.4199996671080946e+00      1.8155378542712262e-06
      1.4199998710993302e+00     -1.9569465645161380e-06
      1.4200000000100057e+00     -2.6857705589222481e-12
      1.4200000007927642e+00     -2.0746262612176339e-10
      1.4200000058649145e+00     -1.4648055416237262e-09
      1.4200000212502526e+00     -4.9897455265096186e-09
      1.4200000280661884e+00      2.2675381974037368e-06
      1.4200000541031805e+00     -1.1839238155482780e-08
      1.4200001115660759e+00     -2.2665094605242643e-08
      1.4200002001337040e+00     -3.7728435684988459e-08
      1.4200002755746062e+00     -2.3912710618234797e-06
      1.4200003254469717e+00     -5.7022020291259445e-08
      1.4200004680823977e+00      2.7349783306690540e-06
      1.4200004923323157e+00     -8.0393019079795665e-08
      1.4200007049416299e+00     -1.0763008353576147e-07
      1.4200007577604028e+00     -2.8370242752816145e-06
      1.4200009669130431e+00     -1.3851531493443650e-07
      1.4200009888722245e+00      3.2201293453663197e-06
      1.4200010458479644e+00      2.1199070066718541e-07
      1.4200012815186545e+00     -1.7285165972812778e-07
      1.4200013191479919e+00     -3.2961326373239840e-06
      1.4200015925812670e+00      3.7253492118316932e-06
      1.4200016517890939e+00     -2.1047546581060450e-07
      1.4200017425445743e+00      2.9678008255709624e-07
      1.4200019616663970e+00     -3.7706096444844442e-06
      1.4200020806149452e+00     -2.5126084747470277e-07
      1.4200022817859410e+00      4.2531125337060829e-06
      1.4200025183464862e+00      3.7850208570563986e-07
      1.4200025708285300e+00     -2.9511986641914748e-07
      1.4200026876531193e+00     -4.2625802486859569e-06
      1.4200030595016819e+00      4.8060315601228024e-06
      1.4200031252701804e+00     -3.4200078683550664e-07
      1.4200033873164137e+00      4.6074698981731821e-07
      1.4200034998447471e+00     -4.7742956484383968e-06
      1.4200037468427107e+00     -3.9188561891524116e-07
      1.4200039292009035e+00      5.3868727929306093e-06
      1.4200043557781923e+00      5.4491320366616918e-07
      1.4200044013794664e+00     -5.3081482029762616e-06
      1.4200044385571351e+00     -4.4478757513315654e-07
      1.4200048948422399e+00      5.9985727706601366e-06
      1.4200052035720243e+00     -5.0074874117057382e-07
      1.4200053958065737e+00     -5.8666884844096296e-06
      1.4200054287121189e+00      6.3181844557552535e-07
      1.4200059609123312e+00      6.6442566687164256e-06
      1.4200060452283547e+00     -5.5983809186765272e-07
      1.4200064871008347e+00     -6.4526447111571381e-06
      1.4200066110643035e+00      7.2207037418535817e-07
      1.4200069670812911e+00     -6.2214989430189290e-07
      1.4200071324808243e+00      7.3272640184125913e-06
      1.4200076796808252e+00     -7.0689446604218766e-06
      1.4200079081531380e+00      8.1619361837125226e-07
      1.4200079729300206e+00     -6.8780249682390774e-07
      1.4200084152679153e+00      8.0511866149642378e-06
      1.4200089784309089e+00     -7.7187402784353886e-06
      1.4200090668465275e+00     -7.5693748357942001e-07
      1.4200093258375961e+00      9.1468447169073769e-07
      1.4200098157214713e+00      8.8199237797159267e-06
      1.4200102532040308e+00     -8.2971916721760990e-07
      1.4200103887267166e+00     -8.4054353193935797e-06
      1.4200108706103389e+00      1.0180387855799688e-06
      1.4200113410980941e+00      9.6377586814760001e-06
      1.4200115367056738e+00     -9.0633439192911101e-07
      1.4200119164640683e+00     -9.1327164258576391e-06
      1.4200125496664235e+00      1.1267684954800162e-06
      1.4200129224139830e+00     -9.8699262137436871e-07
      1.4200129995406940e+00      1.0509455948432976e-05
      1.4200135680913024e+00     -9.9045881299484868e-06
      1.4200143709662789e+00      1.2414129340547874e-06
      1.4200144157815360e+00     -1.0719262897446642e-06
      1.4200148001458925e+00      1.1440376023231834e-05
      1.4200153506449491e+00     -1.0725412316844394e-05
      1.4200160226832514e+00     -1.1613913982971126e-06
      1.4200163433008535e+00      1.3625477039243006e-06
      1.4200167530187899e+00      1.2436597764308978e-05
      1.4200172717886166e+00     -1.1599952752937159e-05
      1.4200177494506849e+00     -1.2556683438375366e-06
      1.4200184763628450e+00      1.4907924946515069e-06
      1.4200188693192346e+00      1.3505040270805659e-05
      1.4200193398548338e+00     -1.2533425336206456e-05
      1.4200196029086942e+00     -1.3550629696464966e-06
      1.4200207808263781e+00      1.6268186086332346e-06
      1.4200211613096954e+00      1.4653578932953352e-05
      1.4200215638893856e+00     -1.3531554762679564e-05
      1.4200215904148532e+00     -1.4599078332201205e-06
      1.4200232684369203e+00      1.7713566676357922e-06
      1.4200236424171424e+00      1.5891157718238705e-05
      1.4200237199019776e+00     -1.5705636889302665e-06
      1.4200239536973738e+00     -1.4600638292675449e-05
      1.4200259521130887e+00      1.9252048307143937e-06
      1.4200259999241609e+00     -1.6874211872893175e-06
      1.4200263273190823e+00      1.7227906368556430e-05
      1.4200265198897810e+00     -1.5747617190897738e-05
      1.4200284397067209e+00     -1.8109027958886087e-06
      1.4200288460620625e+00      2.0892377895235574e-06
      1.4200292320588828e+00      1.8675274812314808e-05
      1.4200292739286657e+00     -1.6980156106317143e-05
      1.4200310492004964e+00     -1.9414649501750903e-06
      1.4200319659105107e+00      2.2644167837754145e-06
      1.4200322281682201e+00     -1.8306729968863297e-05
      1.4200323741905581e+00      2.0246197250190925e-05
      1.4200338391409604e+00     -2.0796004449076147e-06
      1.4200353288532190e+00      2.4518008811121240e-06
      1.4200353958877245e+00     -1.9736716578509406e-05
      1.4200357729501563e+00      2.1955296510747161e-05
      1.4200368211126528e+00     -2.2258410792457268e-06
      1.4200387913109975e+00     -2.1280490353280556e-05
      1.4200389538219544e+00      2.6525597838236842e-06
      1.4200394494500386e+00      2.3819137265432724e-05
      1.4200400076194868e+00     -2.3807605698480135e-06
      1.4200424296055811e+00     -2.2949507644156654e-05
      1.4200428616775380e+00      2.8679884560866463e-06
      1.4200434121615191e+00     -2.5449777470472759e-06
      1.4200434268928015e+00      2.5856535704766450e-05
      1.4200463268547623e+00     -2.4756364882261590e-05
      1.4200470493188457e+00     -2.7191600492022765e-06
      1.4200470754286210e+00      3.0995239088714949e-06
      1.4200477308023529e+00      2.8088933544644287e-05
      1.4200504999997308e+00     -2.6714795030821642e-05
      1.4200509348433232e+00     -2.9040273299222219e-06
      1.4200516204812867e+00      3.3487645364441533e-06
      1.4200523892699628e+00      3.0540845392844259e-05
      1.4200549667656190e+00     -2.8839542736434441e-05
      1.4200550857588985e+00     -3.1003559923564501e-06
      1.4200565249243629e+00      3.6174924710823748e-06
      1.4200574332127081e+00      3.3240389965068877e-05
      1.4200595204713857e+00     -3.3089834644787800e-06
      1.4200597456314055e+00     -3.1146025953355570e-05
      1.4200618198562394e+00      3.9076995150922071e-06
      1.4200628966406543e+00      3.6219916726742782e-05
      1.4200642588886101e+00     -3.5308130294244599e-06
      1.4200648560121270e+00     -3.3649673529337482e-05
      1.4200675397601010e+00      4.2216173262134149e-06
      1.4200688169278504e+00      3.9516739490921323e-05
      1.4200693225519183e+00     -3.7668190251721243e-06
      1.4200703190261761e+00     -3.6364906531131438e-05
      1.4200737229358245e+00      4.5617526794458740e-06
      1.4200747347801408e+00     -4.0180524272747004e-06
      1.4200752350818349e+00      4.3173986429536376e-05
      1.4200761594577624e+00     -3.9304101473054943e-05
      1.4200804119984287e+00      4.9309288112533502e-06
      1.4200805208271858e+00     -4.2856468253400406e-06
      1.4200821960092969e+00      4.7241571001378915e-05
      1.4200824093649771e+00     -4.2477732779591848e-05
      1.4200867080545432e+00     -4.5708247966166240e-06
      1.4200876544549794e+00      5.3323340784412736e-06
      1.4200891123259671e+00     -4.5897696878457004e-05
      1.4200897487866080e+00      5.1777280560596147e-05
      1.4200933261200674e+00     -4.8749046668307372e-06
      1.4200955033743130e+00      5.7695794444809540e-06
      1.4200963247419280e+00     -4.9584394987148835e-05
      1.4200979469716646e+00      5.6847972657013301e-05
      1.4201004071845109e+00     -5.1993076292109146e-06
      1.4201040181670179e+00      6.2467666576439921e-06
      1.4201041108821402e+00     -5.3573507833264918e-05
      1.4201068490496798e+00      6.2530877127594080e-05
      1.4201079861373438e+00     -5.5455651693242934e-06
      1.4201125344438059e+00     -5.7916480172345237e-05
      1.4201132654969293e+00      6.7685694343032596e-06
      1.4201161008434708e+00     -5.9153267193302937e-06
      1.4201165191972094e+00      6.8915060189951927e-05
      1.4201216536698065e+00     -6.2674825813398556e-05
      1.4201233203501720e+00      7.3403305438886928e-06
      1.4201247924124922e+00     -6.3103674428851622e-06
      1.4201270286488794e+00      7.6103280356516810e-05
      1.4201315225051667e+00     -6.7914068299197990e-05
      1.4201341054921712e+00     -6.7325960282468636e-06
      1.4201342672937967e+00      7.9681784540535454e-06
      1.4201384579383824e+00      8.4214822299531517e-05
      1.4201421946717698e+00     -7.3700913321135628e-05
      1.4201440885877668e+00     -7.1840623301008197e-06
      1.4201462019636331e+00      8.6591681842494078e-06
      1.4201508999009773e+00      9.3390362338030862e-05
      1.4201537277551854e+00     -8.0103047700038027e-05
      1.4201547944088171e+00     -7.6669646303077714e-06
      1.4201592328306045e+00      9.4214522877009102e-06
      1.4201661869057374e+00     -8.7190208032450895e-05
      1.4201662802448016e+00     -8.1836561664909807e-06
      1.4201734833070963e+00      1.0264489516953972e-05
      1.4201786083707668e+00     -8.7366504070701605e-06
      1.4201796486829847e+00     -9.5036463801478251e-05
      1.4201890942709117e+00      1.1199300876839174e-05
      1.4201918464834384e+00     -9.3286243642634118e-06
      1.4202060681674855e+00     -9.9624190759931550e-06
      1.4202062271051374e+00      1.2238785686195920e-05
      1.4202213533904693e+00     -1.0641036247137384e-05
      1.4202250673793930e+00      1.3398114294839792e-05
      1.4202377890235365e+00     -1.1367629799265278e-05
      1.4202458293336317e+00      1.4695219576834001e-05
      1.4202554693828644e+00     -1.2145490529948915e-05
      1.4202687613730665e+00      1.6151416617161276e-05
      1.4202744967836884e+00     -1.2978021136557614e-05
      1.4202941528467639e+00      1.7792189905338838e-05
      1.4202949820938486e+00     -1.3868697773805689e-05
      1.4203170452668705e+00     -1.4821013548799802e-05
      1.4203223424696272e+00      1.9648201545495322e-05
      1.4203408158257838e+00     -1.5838398770227227e-05
      1.4203537288667059e+00      2.1756594813609466e-05
      1.4203664332574144e+00     -1.6924110948934924e-05
      1.4203887838830551e+00      2.4162696776900280e-05
      1.4203940472594423e+00     -1.8081083043669325e-05
      1.4204238177538295e+00     -1.9311712678567990e-05
      1.4204280695339753e+00      2.6922264855632632e-05
      1.4204559145375331e+00     -2.0617571622100625e-05
      1.4204722598025923e+00      3.0104484745877527e-05
      1.4204905163835353e+00     -2.1999011159119714e-05
      1.4205221689684699e+00      3.3796024363644348e-05
      1.4205278093166407e+00     -2.3454623136276682e-05
      1.4205679836256804e+00     -2.4980487343415068e-05
      1.4205787888478381e+00      3.8106591231733456e-05
      1.4206112288827593e+00     -2.6569116371042298e-05
      1.4206433383774699e+00      4.3176664309702423e-05
      1.4206577257363788e+00     -2.8207995162044143e-05
      1.4207076322122814e+00     -2.9877571740057610e-05
      1.4207173305666820e+00      4.9188441194325577e-05
      1.4207610597962419e+00     -3.1548700555824868e-05
      1.4208026643167031e+00      5.6381625536468531e-05
      1.4208180283282752e+00     -3.3180993083513654e-05
      1.4208783709941333e+00     -3.4732686548408218e-05
      1.4209017525707044e+00      6.5076685052454079e-05
      1.4209415148644717e+00     -3.6254779388822898e-05
      1.4210061273012393e+00     -3.8486081895931955e-05
      1.4210177047144239e+00      7.5709942129645257e-05
      1.4210711544509771e+00     -4.4483765926541443e-05
      1.4211393529175629e+00     -5.7642426921619294e-05
      1.4211545920787407e+00      8.8887982091788960e-05
      1.4212137230435864e+00     -7.7313278160110813e-05

------------------------------------------------------------
Purely Imaginary QNMs (Re ~ 0)
------------------------------------------------------------
  (none)

