============================================================
QNM Convergence Report
============================================================
Date: 2026-02-14 15:06:14
Tolerance: 1.0e-04
Resolutions: 180, 190, 200
Note: only Re(ω) ≥ 0 shown (spectrum symmetric about imaginary axis)

------------------------------------------------------------
Summary
------------------------------------------------------------
Total converged QNMs: 447
  General (Re!=0, Im!=0): 63
  Purely imaginary (Re~0): 87
  Purely real (Im~0): 297

------------------------------------------------------------
General QNMs (Re != 0, Im != 0)
------------------------------------------------------------
                   Re(omega)                   Im(omega)
  ──────────────────────────  ──────────────────────────
      1.5019540980374799e+00      1.6778757891566343e-04
      1.5016879382651833e+00      1.3783867847179805e-04
      1.5014700529166767e+00      1.1492256294967462e-04
      1.4991642896386215e+00     -1.0670892364174022e-04
      1.5014434018311558e+00     -1.1372068012610861e-04
      1.4991261440350545e+00     -1.1413662789640504e-04
      1.4990853421096895e+00     -1.2226774882733270e-04
      1.4999872019747260e+00     -1.2578571146911762e-04
      1.4990416330059753e+00     -1.3118728159321858e-04
      1.4989947357487772e+00     -1.4099280543407449e-04
      1.5015386466433145e+00     -1.4893420824420514e-04
      1.4989443348314564e+00     -1.5179670398492845e-04
      1.4988900750360092e+00     -1.6372884307257042e-04
      1.4988315553314464e+00     -1.7693981439410208e-04
      1.5000403032354352e+00     -1.9010885010586388e-04
      1.4987683216598853e+00     -1.9160488265908352e-04
      1.5016408279545070e+00     -1.9233116758407510e-04
      1.4986998583748283e+00     -2.0792881180097924e-04
      1.4986255780391220e+00     -2.2615179571847330e-04
      1.5017501591327374e+00     -2.4519245280131584e-04
      1.4985448092175730e+00     -2.4655678480475546e-04
      1.5001176023969405e+00     -2.5518373973566576e-04
      1.4984567818064352e+00     -2.6947858696045428e-04
      1.4983606093226560e+00     -2.9531523882141803e-04
      1.5018667873633518e+00     -3.0901061875937482e-04
      1.5002189663341503e+00     -3.2007153737229679e-04
      1.4982552674214629e+00     -3.2454230077477551e-04
      1.4981395677101477e+00     -3.5773094391240218e-04
      1.5003444434974944e+00     -3.8333078430065353e-04
      1.5019907520890043e+00     -3.8551059092384652e-04
      1.4980121256633172e+00     -3.9557099122010728e-04
      1.4978713210992878e+00     -4.3890048209612787e-04
      1.5004938951642728e+00     -4.4278782204918598e-04
      1.5021219395980101e+00     -4.7666785753473231e-04
      1.4977152492197268e+00     -4.8874389711295947e-04
      1.5006668171724349e+00     -4.9527019217449455e-04
      1.4975416596051245e+00     -5.4636198031387693e-04
      1.5022600289191725e+00     -5.8472549572989151e-04
      1.4973478797418194e+00     -6.1331723623461612e-04
      1.4971307185550824e+00     -6.9156082012778364e-04
      1.4968863439297584e+00     -7.8354893059042515e-04
      1.4966101261652516e+00     -8.9240033916224907e-04
      1.4962964365263620e+00     -1.0221119581851536e-03
      1.4959383862266487e+00     -1.1778573262965553e-03
      1.4955274859222223e+00     -1.3664051561033418e-03
      1.4950531985777964e+00     -1.5967142444521577e-03
      1.4945023487360276e+00     -1.8807914732290115e-03
      1.4938583380448784e+00     -2.2349488450731621e-03
      1.4931000998179402e+00     -2.6816766787562643e-03
      1.4922007047649086e+00     -3.2524868639725200e-03
      1.4911255090378437e+00     -3.9923159252121592e-03
      1.4898297254793706e+00     -4.9664948999107840e-03
      1.4882553311615534e+00     -6.2720528093762771e-03
      1.4863273840115332e+00     -8.0565505667944490e-03
      1.4839503324521439e+00     -1.0550441733378274e-02
      1.4810063604696622e+00     -1.4124708936844274e-02
      1.4773618589882240e+00     -1.9398103462088825e-02
      1.4728995748615348e+00     -2.7448208847033802e-02
      1.4676284970703477e+00     -4.0260227091740916e-02
      1.4620399348559296e+00     -6.1796990549211672e-02
      1.4583514179620076e+00     -1.0106303182993495e-01
      1.4658756994274575e+00     -1.8425743020841637e-01
      1.5348967249167653e+00     -4.5757120677508750e-01

------------------------------------------------------------
Purely Real QNMs (Im ~ 0)
------------------------------------------------------------
                   Re(omega)                   Im(omega)
  ──────────────────────────  ──────────────────────────
      1.4992000034306776e+00     -9.9910376289079252e-05
      1.4992334868105059e+00     -9.3675916000126254e-05
      1.4992649208497673e+00     -8.7948365967106113e-05
      1.4992944686943668e+00     -8.2677350070088797e-05
      1.4993222776431376e+00     -7.7818369578460316e-05
      1.4993484809518749e+00     -7.3332020086318007e-05
      1.4993731994032431e+00     -6.9183325214889962e-05
      1.4993965426765070e+00     -6.5341167890260772e-05
      1.4994186105456144e+00     -6.1777803440069413e-05
      1.4994394939296878e+00     -5.8468441524908496e-05
      1.4994592758162684e+00     -5.5390886165964438e-05
      1.4994780320745640e+00     -5.2525224956947692e-05
      1.4994958321733758e+00     -4.9853560039407900e-05
      1.4995127398162211e+00     -4.7359774642114456e-05
      1.4995288135043536e+00     -4.5029329989490735e-05
      1.4995441070368594e+00     -4.2849088212547153e-05
      1.4995586699557133e+00     -4.0807157581378831e-05
      1.4995725479425936e+00     -3.8892756947491652e-05
      1.4995857831733226e+00     -3.7096096758205139e-05
      1.4995984146350105e+00     -3.5408274401243688e-05
      1.4996104784103155e+00     -3.3821181969190171e-05
      1.4996220079326421e+00     -3.2327424811951862e-05
      1.4996330342156243e+00     -3.0920249479906238e-05
      1.4996435860597983e+00     -2.9593479858407207e-05
      1.4996536902390196e+00     -2.8341460461945803e-05
      1.4996633716688546e+00     -2.7159005998489193e-05
      1.4996726535589053e+00     -2.6041356435499887e-05
      1.4996815575507958e+00     -2.4984136902277156e-05
      1.4996901038433366e+00     -2.3983321851393682e-05
      1.4996983113062075e+00     -2.3035202977470903e-05
      1.4997061975833481e+00     -2.2136360456303582e-05
      1.4997137791871011e+00     -2.1283637123040574e-05
      1.4997210715840430e+00     -2.0474115256122149e-05
      1.4997280892733273e+00     -1.9705095675110770e-05
      1.4997348458582787e+00     -1.8974078896396728e-05
      1.4997413541118885e+00     -1.8278748121824764e-05
      1.4997476260368046e+00     -1.7616953862259207e-05
      1.4997536729203287e+00     -1.6986700021564247e-05
      1.4997595053848987e+00     -1.6386131286915396e-05
      1.4997651334344659e+00     -1.5813521689196741e-05
      1.4997705664971492e+00     -1.5267264212832946e-05
      1.4997758134645018e+00     -1.4745861348059388e-05
      1.4997808827276935e+00     -1.4247916490608517e-05
      1.4997857822108820e+00     -1.3772126104308160e-05
      1.4997905194020209e+00     -1.3317272571339471e-05
      1.4997951013813258e+00     -1.2882217663052573e-05
      1.4997995348475996e+00     -1.2465896571428350e-05
      1.4998038261425986e+00     -1.2067312447627255e-05
      1.4998079812736049e+00     -1.1685531399685756e-05
      1.4998120059343534e+00     -1.1319677906399462e-05
      1.4998159055244491e+00     -1.0968930608847973e-05
      1.4998196851673984e+00     -1.0632518444938782e-05
      1.4998233497273652e+00     -1.0309717095835707e-05
      1.4998269038247536e+00     -9.9998457162432050e-06
      1.4998303518507117e+00     -9.7022639232869298e-06
      1.4998336979806395e+00     -9.4163690212023226e-06
      1.4998369461867773e+00     -9.1415934412516290e-06
      1.4998401002499475e+00     -8.8774023782656218e-06
      1.4998431637705130e+00     -8.6232916069759221e-06
      1.4998461401786112e+00     -8.3787854628906366e-06
      1.4998490327437177e+00     -8.1434349738902108e-06
      1.4998518445835884e+00     -7.9168161300001169e-06
      1.4998545786726296e+00     -7.6985282799480474e-06
      1.4998572378497308e+00     -7.4881926441495468e-06
      1.4998598248256045e+00     -7.2854509346999296e-06
      1.4998623421896680e+00     -7.0899640737927478e-06
      1.4998647924164936e+00     -6.9014110027455800e-06
      1.4998671778718669e+00     -6.7194875745011519e-06
      1.4998695008184706e+00     -6.5439055230932752e-06
      1.4998717634212284e+00     -6.3743915041295393e-06
      1.4998739677523250e+00     -6.2106862008521029e-06
      1.4998761157959293e+00     -6.0525434907996331e-06
      1.4998782094526375e+00     -5.8997296685121475e-06
      1.4998802505436579e+00     -5.7520227201005271e-06
      1.4998822408147507e+00     -5.6092116458474702e-06
      1.4998841819399418e+00     -5.4710958273201863e-06
      1.4998860755250247e+00     -5.3374844357601025e-06
      1.4998879231108639e+00     -5.2081958787741001e-06
      1.4998897261765121e+00     -5.0830572825877709e-06
      1.4998914861421540e+00     -4.9619040073360871e-06
      1.4998932043718880e+00     -4.8445791930627969e-06
      1.4998948821763542e+00     -4.7309333342785535e-06
      1.4998965208152200e+00     -4.6208238810910023e-06
      1.4998981214995315e+00     -4.5141148650692116e-06
      1.4998996853939404e+00     -4.4106765481414079e-06
      1.4999012136188092e+00     -4.3103850929501245e-06
      1.4999027072522111e+00     -4.2131222532037746e-06
      1.4999041673318194e+00     -4.1187750826693452e-06
      1.4999055948567042e+00     -4.0272356615482334e-06
      1.4999069907890337e+00     -3.9384008390671041e-06
      1.4999083560556903e+00     -3.8521719911987722e-06
      1.4999096915498054e+00     -3.7684547925050785e-06
      1.4999109981322152e+00     -3.6871590011652200e-06
      1.4999122766328474e+00     -3.6081982563194547e-06
      1.4999135278520366e+00     -3.5314898869199679e-06
      1.4999147525617773e+00     -3.4569547313383874e-06
      1.4999159515069145e+00     -3.3845169670332509e-06
      1.4999171254062793e+00     -3.3141039496309625e-06
      1.4999182749537670e+00     -3.2456460608207001e-06
      1.4999194008193673e+00     -3.1790765645074950e-06
      1.4999205036501437e+00     -3.1143314707085655e-06
      1.4999215840711682e+00     -3.0513494067160395e-06
      1.4999226426864114e+00     -2.9900714950846533e-06
      1.4999236800795936e+00     -2.9304412380359597e-06
      1.4999246968149946e+00     -2.8724044079011836e-06
      1.4999256934382279e+00     -2.8159089432532293e-06
      1.4999266704769796e+00     -2.7609048504046252e-06
      1.4999276284417133e+00     -2.7073441099724943e-06
      1.4999285678263459e+00     -2.6551805882341232e-06
      1.4999294891088890e+00     -2.6043699530174829e-06
      1.4999303927520673e+00     -2.5548695938902986e-06
      1.4999312792039055e+00     -2.5066385464290998e-06
      1.4999321488982913e+00     -2.4596374203663010e-06
      1.4999330022555153e+00     -2.4138283314288710e-06
      1.4999338396827846e+00     -2.3691748366967971e-06
      1.4999346615747182e+00     -2.3256418733234412e-06
      1.4999354683138184e+00     -2.2831957004732755e-06
      1.4999362602709239e+00     -2.2418038443455584e-06
      1.4999370378056440e+00     -2.2014350461654853e-06
      1.4999378012667748e+00     -2.1620592130375403e-06
      1.4999385509926986e+00     -2.1236473715694021e-06
      1.4999392873117678e+00     -2.0861716241892623e-06
      1.4999400105426728e+00     -2.0496051080951618e-06
      1.4999407209947968e+00     -2.0139219567924810e-06
      1.4999414189685569e+00     -1.9790972641957341e-06
      1.4999421047557333e+00     -1.9451070512941030e-06
      1.4999427786397863e+00     -1.9119282354078607e-06
      1.4999434408961636e+00     -1.8795386020964110e-06
      1.4999440917925986e+00     -1.8479167798200923e-06
      1.4999447315893979e+00     -1.8170422175097833e-06
      1.4999453605397259e+00     -1.7868951652644044e-06
      1.4999459788898792e+00     -1.7574566584816791e-06
      1.4999465868795603e+00     -1.7287085058391836e-06
      1.4999471847421477e+00     -1.7006332816910266e-06
      1.4999477727049659e+00     -1.6732143236452660e-06
      1.4999483509895599e+00     -1.6464357363602614e-06
      1.4999489198119766e+00     -1.6202824029772214e-06
      1.4999494793830588e+00     -1.5947400061410062e-06
      1.4999500299087591e+00     -1.5697950613290621e-06
      1.4999505715904839e+00     -1.5454349663318496e-06
      1.4999511046254828e+00     -1.5216480724066079e-06
      1.4999516292073016e+00     -1.4984237851923435e-06
      1.4999521455263356e+00     -1.4757527074991122e-06
      1.4999526537705274e+00     -1.4536268425843084e-06
      1.4999531541262912e+00     -1.4320398873758406e-06
      1.4999536467797936e+00     -1.4109876639041920e-06
      1.4999541319188152e+00     -1.3904687712664168e-06
      1.4999546097356073e+00     -1.3704856054460251e-06
      1.4999550804315345e+00     -1.3510460263550774e-06
      1.4999555442251611e+00     -1.3321662410329544e-06
      1.4999560013675672e+00     -1.3138761711640657e-06
      1.4999564521747140e+00     -1.2962304875061129e-06
      1.4999568971071429e+00     -1.2793347218559688e-06
      1.4999573370187156e+00     -1.2634220626849532e-06
      1.4999577743648467e+00     -1.2491889750253997e-06
      1.4999596678046490e+00     -6.2756650206805125e-05
      1.5000000000106277e+00     -2.6959837647455911e-12
      1.5000000008437282e+00     -2.0920925540477580e-10
      1.5000000062648882e+00     -1.4891518808656777e-09
      1.5000000228089574e+00     -5.1238795158949485e-09
      1.5000000583852526e+00     -1.2286701505282637e-08
      1.5000001210594991e+00     -2.3761867778698225e-08
      1.5000002183167114e+00     -3.9922231424374157e-08
      1.5000003567698836e+00     -6.0834719883924873e-08
      1.5000005421493261e+00     -8.6384254015815703e-08
      1.5000007794237853e+00     -1.1636995316670292e-07
      1.5000010729623208e+00     -1.5056712820708162e-07
      1.5000013425259320e+00      2.5973969296979032e-07
      1.5000014266931094e+00     -1.8876270188215020e-07
      1.5000018442427214e+00     -2.3077332075386983e-07
      1.5000022077602568e+00      3.6074277735931228e-07
      1.5000023290525735e+00     -2.7645323781576537e-07
      1.5000028844745721e+00     -3.2569656717703618e-07
      1.5000031650649397e+00      4.5789046458865616e-07
      1.5000035138495857e+00     -3.7843666910245936e-07
      1.5000042205724426e+00     -4.3464423855871580e-07
      1.5000042329323349e+00      5.5556218100576115e-07
      1.5000050081466829e+00     -4.9432495995760038e-07
      1.5000054196114327e+00      6.5546982635991461e-07
      1.5000058802317084e+00     -5.5751718152271941e-07
      1.5000067314756447e+00      7.5861499999795814e-07
      1.5000068406844278e+00     -6.2428983331848160e-07
      1.5000078935970595e+00     -6.9474068757021738e-07
      1.5000081747581351e+00      8.6574080641311272e-07
      1.5000090433324000e+00     -7.6899499341618933e-07
      1.5000097560977341e+00      9.7748727489128148e-07
      1.5000102945576093e+00     -8.4720448464007165e-07
      1.5000114827670206e+00      1.0944585336425764e-06
      1.5000116522773619e+00     -9.2954674343457354e-07
      1.5000131218670734e+00     -1.0162248975145680e-06
      1.5000133627981460e+00      1.2172571974763127e-06
      1.5000147091067988e+00     -1.1074676272930840e-06
      1.5000154050742549e+00      1.3465048109956712e-06
      1.5000164202163380e+00     -1.2035294618084553e-06
      1.5000176194117230e+00      1.4828558797836988e-06
      1.5000182618920173e+00     -1.3046913452768015e-06
      1.5000200166440090e+00      1.6270088934683438e-06
      1.5000202413455950e+00     -1.4112614598294894e-06
      1.5000223663457171e+00     -1.5235762938277030e-06
      1.5000226087125019e+00      1.7797160476084997e-06
      1.5000246452623378e+00     -1.6420019489581666e-06
      1.5000254087676164e+00      1.9417926120122054e-06
      1.5000270871145345e+00     -1.7669356830205676e-06
      1.5000284312825694e+00      2.1141265340912611e-06
      1.5000297016221424e+00     -1.8988076888562708e-06
      1.5000316921820462e+00      2.2976886930439898e-06
      1.5000324992616734e+00     -2.0380831131674157e-06
      1.5000352089880251e+00      2.4935441415375918e-06
      1.5000354913269860e+00     -2.1852643219412244e-06
      1.5000386899952329e+00     -2.3408934217147485e-06
      1.5000390009852631e+00      2.7028646436342394e-06
      1.5000421083986242e+00     -2.5055550478815689e-06
      1.5000430894093013e+00      2.9269428206898010e-06
      1.5000457607026110e+00     -2.6798794325787288e-06
      1.5000474976603015e+00      3.1672082412514880e-06
      1.5000496621911290e+00     -2.8645457653903528e-06
      1.5000522515465993e+00      3.4252458326347721e-06
      1.5000538293596055e+00     -3.0602858602430541e-06
      1.5000573795625443e+00      3.7028170502690208e-06
      1.5000582800164886e+00     -3.2678881416071407e-06
      1.5000629132060335e+00      4.0018843177151935e-06
      1.5000630333941241e+00     -3.4882019626443664e-06
      1.5000681102698785e+00     -3.7221422673659877e-06
      1.5000688873421550e+00      4.3246393487726347e-06
      1.5000735330984789e+00     -3.9706946080673847e-06
      1.5000753406205736e+00      4.6735360878584962e-06
      1.5000793261566228e+00     -4.2349205278055524e-06
      1.5000823159557783e+00      5.0513291614826153e-06
      1.5000855157010002e+00     -4.5159633145820168e-06
      1.5000898610811153e+00      5.4611189290191655e-06
      1.5000921301409542e+00     -4.8150541279866240e-06
      1.5000980291897421e+00      5.9064044640317527e-06
      1.5000992002271003e+00     -5.1335184891948461e-06
      1.5001067592573127e+00     -5.4727831107832135e-06
      1.5001068796783661e+00      6.3911461008001798e-06
      1.5001148433015579e+00     -5.8343830241507666e-06
      1.5001164790130019e+00      6.9198395630713480e-06
      1.5001234914471315e+00     -6.2199689404854144e-06
      1.5001269017401826e+00      7.4976041801248039e-06
      1.5001327460658904e+00     -6.6313147569088834e-06
      1.5001382316723002e+00      8.1302883245669262e-06
      1.5001426531051034e+00     -7.0703250910006873e-06
      1.5001505632823469e+00      8.8245960205473143e-06
      1.5001532624035299e+00     -7.5390426883316066e-06
      1.5001640033516357e+00      9.5882397224839496e-06
      1.5001646280342713e+00     -8.0396554886957916e-06
      1.5001768086758025e+00     -8.5745030470435819e-06
      1.5001786729246518e+00      1.0430125620740059e-05
      1.5001898680123096e+00     -9.1460818816098199e-06
      1.5001947096387243e+00      1.1360579595064639e-05
      1.5002038751640172e+00     -9.7570491736629950e-06
      1.5002122705136729e+00      1.2391624274444368e-05
      1.5002189051475030e+00     -1.0410224084971922e-05
      1.5002315353092737e+00      1.3537320815765253e-05
      1.5002350393650441e+00     -1.1108585784996042e-05
      1.5002523661207483e+00     -1.1855267036679081e-05
      1.5002527105880048e+00      1.4814193287995909e-05
      1.5002709811594086e+00     -1.2653541784457484e-05
      1.5002760346595183e+00      1.6241759304642967e-05
      1.5002909882213888e+00     -1.3506804562672147e-05
      1.5003017836351573e+00      1.7843198317712443e-05
      1.5003124996030059e+00     -1.4418538767150800e-05
      1.5003302788906365e+00      1.9646199748263358e-05
      1.5003356367064760e+00     -1.5392270058093188e-05
      1.5003605305562955e+00     -1.6431500323246472e-05
      1.5003618963296634e+00      2.1684048458323645e-05
      1.5003873222492485e+00     -1.7539616171753868e-05
      1.5003970779705944e+00      2.3997026891277336e-05
      1.5004161632912574e+00     -1.8719763195542552e-05
      1.5004363465572539e+00      2.6634243950397090e-05
      1.5004472157531459e+00     -1.9974673512143137e-05
      1.5004803241471261e+00      2.9656045248373830e-05
      1.5004806521463339e+00     -2.1306430515385212e-05
      1.5005166548757383e+00     -2.2716150444857548e-05
      1.5005297559886908e+00      3.3137226645137043e-05
      1.5005554150618179e+00     -2.4203550818946988e-05
      1.5005855415149458e+00      3.7171373646296216e-05
      1.5005971304151806e+00     -2.5766358985487374e-05
      1.5006420016632933e+00     -2.7399496294407355e-05
      1.5006487750373632e+00      4.1876800596081830e-05
      1.5006902267180473e+00     -2.9093954043272305e-05
      1.5007207998562255e+00      4.7404804317828725e-05
      1.5007419911913278e+00     -3.0835241156805299e-05
      1.5007974526325527e+00     -3.2601275138184475e-05
      1.5008032812176424e+00      5.3951329424835147e-05
      1.5008567130357082e+00     -3.4359876587007850e-05
      1.5008983062193200e+00      6.1773763458299069e-05
      1.5009197668787162e+00     -3.6067908841789735e-05
      1.5009863910494186e+00     -3.7686130547253208e-05
      1.5010085230114922e+00      7.1215634834894792e-05
      1.5010558930702418e+00     -3.9303631861280847e-05
      1.5011267597714648e+00     -4.1873534691150002e-05
      1.5011373385765825e+00      8.2743799809157303e-05
      1.5011980854288554e+00     -4.8927737828925440e-05
      1.5012731461644226e+00     -6.3809989440047159e-05
      1.5012892060520491e+00      9.7005974575367250e-05
      1.5013548904986380e+00     -8.5596570945479505e-05

------------------------------------------------------------
Purely Imaginary QNMs (Re ~ 0)
------------------------------------------------------------
                   Re(omega)                   Im(omega)             Delta Im(omega)
  ──────────────────────────  ──────────────────────────  ──────────────────────────
      3.3334004631990188e-78     -1.8365886675681836e+01
      2.2243983016059323e-75     -1.9366175886593414e+01      1.0002892109115784e+00
     -3.1154886200217145e-75     -1.9616179492328296e+01      2.5000360573488223e-01
     -3.4937827624233852e-74     -1.9866198883160369e+01      2.5001939083207247e-01
     -1.2783441792573701e-73     -2.0116318041434219e+01      2.5011915827385067e-01
     -2.5086148982056200e-73     -2.0366346181289767e+01      2.5002813985554795e-01
      1.0856916048289160e-74     -2.0616416540629828e+01      2.5007035934006083e-01
      2.0358545138777489e-72     -2.0866477803824814e+01      2.5006126319498634e-01
      7.8218470098376443e-72     -2.1116530394330606e+01      2.5005259050579198e-01
      1.4321555037743899e-71     -2.1366590520099944e+01      2.5006012576933756e-01
     -3.7604589909193528e-72     -2.1616644944448886e+01      2.5005442434894221e-01
     -1.1149077342130498e-70     -2.1866699025885552e+01      2.5005408143666585e-01
     -3.5195078402223868e-70     -2.2116753060990810e+01      2.5005403510525781e-01
     -4.3539302126148822e-70     -2.2366805015436434e+01      2.5005195444562389e-01
      8.0301812167118773e-70     -2.2616856467000197e+01      2.5005145156376329e-01
      5.0414831925119490e-69     -2.2866906982464535e+01      2.5005051546433776e-01
      1.0161008643936021e-68     -2.3116956377765590e+01      2.5004939530105474e-01
      6.4425187971524440e-70     -2.3367005022272643e+01      2.5004864450705355e-01
     -5.3049622139858365e-68     -2.3617052763025288e+01      2.5004774075264535e-01
     -1.4302124664280408e-67     -2.3867099627081576e+01      2.5004686405628718e-01
     -9.5128583249473993e-68     -2.4117145710741710e+01      2.5004608366013414e-01
      4.6610838641137116e-67     -2.4367190983357471e+01      2.5004527261576115e-01
      1.5476687145299179e-66     -2.4617235477392992e+01      2.5004449403552087e-01
      1.3755963247453504e-66     -2.4867279230834434e+01      2.5004375344144236e-01
     -3.8602090882970032e-66     -2.5117322248489291e+01      2.5004301765485692e-01
     -1.4014380873212538e-65     -2.5367364554670367e+01      2.5004230618107570e-01
     -1.2235240128003510e-65     -2.5617406173143447e+01      2.5004161847308026e-01
      3.2764980624696712e-65     -2.5867447117432448e+01      2.5004094428900103e-01
      1.0890024182126190e-64     -2.6117487406823081e+01      2.5004028939063261e-01
      7.0789461099590542e-65     -2.6367527060125507e+01      2.5003965330242650e-01
     -2.7840460185197581e-64     -2.6617566092223225e+01      2.5003903209771750e-01
     -7.1052236935953805e-64     -2.6867604519483265e+01      2.5003842726004066e-01
     -1.5940464752969386e-64     -2.7117642358035845e+01      2.5003783855257922e-01
      2.1394553126262790e-63     -2.7367679622156789e+01      2.5003726412094451e-01
      3.6094727887846808e-63     -2.7617716326241410e+01      2.5003670408462142e-01
     -1.7601404566789622e-63     -2.7867752484505424e+01      2.5003615826401315e-01
     -1.3362783665919463e-62     -2.8117788110135287e+01      2.5003562562986303e-01
     -1.1585231640073115e-62     -2.8367823216006762e+01      2.5003510587147559e-01
      2.4608888034017404e-62     -2.8617857814797418e+01      2.5003459879065559e-01
      6.0465074956855770e-62     -2.8867891918545112e+01      2.5003410374769430e-01
     -1.2275071114551255e-63     -2.9117925538866015e+01      2.5003362032090237e-01
     -1.6055305568579808e-61     -2.9367958687143709e+01      2.5003314827769429e-01
     -1.5342878099025961e-61     -2.9617991374329332e+01      2.5003268718562310e-01
      2.5707485215818053e-61     -2.9868023610957831e+01      2.5003223662849905e-01
      5.9378879196948564e-61     -3.0118055407302467e+01      2.5003179634463635e-01
     -1.1419293728263780e-61     -3.0368086773320027e+01      2.5003136601755926e-01
     -1.4374506266267537e-60     -3.0618117718600505e+01      2.5003094528047853e-01
     -7.8860408326935447e-61     -3.0868148252455811e+01      2.5003053385530549e-01
      2.5456873641100670e-60     -3.1118178383943416e+01      2.5003013148760544e-01
      3.2472838353505779e-60     -3.1368208121817098e+01      2.5002973787368177e-01
     -3.2379811818054645e-60     -3.1618237474552995e+01      2.5002935273589699e-01
     -8.1257075171373994e-60     -3.1868266450399990e+01      2.5002897584699468e-01
      2.1061520455736984e-60     -3.2118295057362864e+01      2.5002860696287499e-01
      1.5989134326087607e-59     -3.2368323303188660e+01      2.5002824582579564e-01
      2.8818456316858687e-60     -3.2618351195404614e+01      2.5002789221595378e-01
     -2.6784306742189999e-59     -3.2868378741336812e+01      2.5002754593219834e-01
     -1.3910771457016500e-59     -3.3118405948090633e+01      2.5002720675382051e-01
      3.9842625307482789e-59     -3.3368432822556599e+01      2.5002687446596639e-01
      3.2589082080108328e-59     -3.3618459371442910e+01      2.5002654888631071e-01
     -5.4357660006809490e-59     -3.3868485601278749e+01      2.5002622983583933e-01
     -5.9188493907554120e-59     -3.4118511518398151e+01      2.5002591711940170e-01
      7.0195334338653862e-59     -3.4368537128953754e+01      2.5002561055560335e-01
      9.2031835907780828e-59     -3.4618562438944345e+01      2.5002530999059047e-01
     -8.8581424866522740e-59     -3.4868587454211067e+01      2.5002501526672205e-01
     -1.2707037295695451e-58     -3.5118612180421792e+01      2.5002472621072513e-01
      1.1204713913028593e-58     -3.5368636623087930e+01      2.5002444266613821e-01
      1.5767082228448497e-58     -3.5618660787592283e+01      2.5002416450435305e-01
     -1.4312721979049074e-58     -3.5868684679181584e+01      2.5002389158930072e-01
     -1.7489274243227121e-58     -3.6118708302944981e+01      2.5002362376339704e-01
      1.8179266737288311e-58     -3.6368731663831191e+01      2.5002336088621036e-01
      1.6895985830038356e-58     -3.6618754766685562e+01      2.5002310285437090e-01
     -2.2250735357811783e-58     -3.6868777616243584e+01      2.5002284955802168e-01
     -1.3269362295058432e-58     -3.7118800217091952e+01      2.5002260084836792e-01
      2.5290557024130157e-58     -3.7368822573676788e+01      2.5002235658483585e-01
      6.6686425322510559e-59     -3.7618844690365279e+01      2.5002211668849128e-01
     -2.5658088481005526e-58     -3.7868866571460892e+01      2.5002188109561274e-01
      1.6197161254837301e-59     -3.8118888221130142e+01      2.5002164966925022e-01
      2.2103808882474380e-58     -3.8368909643359281e+01      2.5002142222913903e-01
     -9.1433556071778089e-59     -3.8618930842049572e+01      2.5002119869029116e-01
     -1.4787414618188723e-58     -3.8868951821135774e+01      2.5002097908620158e-01
      1.3204495079473933e-58     -3.9118972584508775e+01      2.5002076337300139e-01
      5.7782206127138456e-59     -3.9368993135786454e+01      2.5002055127767875e-01
     -1.2398088129300256e-58     -3.9619013478296829e+01      2.5002034251037486e-01
      1.6931633687360800e-59     -3.9869033615457852e+01      2.5002013716102311e-01
      7.7398525755410426e-59     -4.0119053551106127e+01      2.5001993564827529e-01
     -5.1198370975606820e-59     -4.0369073289099710e+01      2.5001973799358268e-01
     -2.2213589729217932e-59     -4.0619092832357850e+01      2.5001954325814069e-01

